# freq eta
3.539999999999999858e+01 1.001613212086382640e-02
3.560000000000000142e+01 9.970811844570106122e-03
3.589999999999999858e+01 1.002074079695359880e-02
3.610000000000000142e+01 9.945803425062408470e-03
3.639999999999999858e+01 1.006802020453651664e-02
3.660000000000000142e+01 9.993524894368480474e-03
3.689999999999999858e+01 9.900175269528046357e-03
3.720000000000000284e+01 1.009187200230567648e-02
3.739999999999999858e+01 9.830309321496678854e-03
3.770000000000000284e+01 9.958519029935814990e-03
3.800000000000000000e+01 9.696714701926980456e-03
3.829999999999999716e+01 9.959512312276734211e-03
3.850000000000000000e+01 1.012936468399595544e-02
3.879999999999999716e+01 9.938011288026868048e-03
3.910000000000000142e+01 1.000736432757095944e-02
3.939999999999999858e+01 1.032674481279018119e-02
3.970000000000000284e+01 9.900280258940141048e-03
4.000000000000000000e+01 9.926086403468491887e-03
4.020000000000000284e+01 1.014136226476810253e-02
4.050000000000000000e+01 1.029121210581903506e-02
4.079999999999999716e+01 9.959650984890936615e-03
4.110000000000000142e+01 1.008973189585374644e-02
4.139999999999999858e+01 9.821161353324274479e-03
4.170000000000000284e+01 9.934010514833070335e-03
4.200000000000000000e+01 1.008871576069402497e-02
4.229999999999999716e+01 1.008959885071232000e-02
4.260000000000000142e+01 1.004268471791735888e-02
4.289999999999999858e+01 9.927586769291785185e-03
4.320000000000000284e+01 9.808554323761511234e-03
4.360000000000000142e+01 9.517697444543365970e-03
4.389999999999999858e+01 9.995892200370724498e-03
4.420000000000000284e+01 1.001871997862200693e-02
4.450000000000000000e+01 9.644144269656996712e-03
4.479999999999999716e+01 8.862030226356652080e-03
4.520000000000000284e+01 1.025756270415869274e-02
4.550000000000000000e+01 9.953284042575130663e-03
4.579999999999999716e+01 1.167868896039747986e-02
4.610000000000000142e+01 1.031486409002824699e-02
4.650000000000000000e+01 9.896385874514315728e-03
4.679999999999999716e+01 9.498918632652770741e-03
4.710000000000000142e+01 1.025063910185487932e-02
4.750000000000000000e+01 1.013089577298172984e-02
4.779999999999999716e+01 9.871649742855773124e-03
4.820000000000000284e+01 1.002520329259952610e-02
4.850000000000000000e+01 9.760387358048712783e-03
4.889999999999999858e+01 1.003558970462334679e-02
4.920000000000000284e+01 9.929469106343034868e-03
4.960000000000000142e+01 9.997863060055940318e-03
4.989999999999999858e+01 9.975773833933101672e-03
5.029999999999999716e+01 9.964480365668474185e-03
5.070000000000000284e+01 9.831847771704172248e-03
5.100000000000000000e+01 9.773826786384842008e-03
5.139999999999999858e+01 9.968864564915113843e-03
5.179999999999999716e+01 9.915294947603082651e-03
5.210000000000000142e+01 1.001530587074338230e-02
5.250000000000000000e+01 9.966171907480015843e-03
5.289999999999999858e+01 1.006353319304308276e-02
5.329999999999999716e+01 1.009106147155292531e-02
5.370000000000000284e+01 9.991838153233534650e-03
5.410000000000000142e+01 9.931539878762628282e-03
5.439999999999999858e+01 9.929136675725260333e-03
5.479999999999999716e+01 1.000829641518847721e-02
5.520000000000000284e+01 1.001087994717524306e-02
5.560000000000000142e+01 1.001233222670640417e-02
5.600000000000000000e+01 9.977522604574552700e-03
5.639999999999999858e+01 1.000117768629119920e-02
5.679999999999999716e+01 9.990994757325217732e-03
5.729999999999999716e+01 1.007918151965013845e-02
5.770000000000000284e+01 1.009389953848191003e-02
5.810000000000000142e+01 1.006682276304091822e-02
5.850000000000000000e+01 9.980992811030405323e-03
5.889999999999999858e+01 1.001800253037624447e-02
5.939999999999999858e+01 9.960127190336794112e-03
5.979999999999999716e+01 9.908176869777664264e-03
6.020000000000000284e+01 1.002278412570372333e-02
6.060000000000000142e+01 9.920510409385473877e-03
6.110000000000000142e+01 9.943743765082975819e-03
6.150000000000000000e+01 9.875938714661568543e-03
6.200000000000000000e+01 1.005102099399897246e-02
6.239999999999999858e+01 9.912773787715037019e-03
6.289999999999999858e+01 9.959408557062404341e-03
6.329999999999999716e+01 9.667652287665416330e-03
6.379999999999999716e+01 1.031974036060471014e-02
6.420000000000000284e+01 1.027906434876558160e-02
6.470000000000000284e+01 1.000888316719308890e-02
6.520000000000000284e+01 9.436664122369667340e-03
6.559999999999999432e+01 9.494727832123435809e-03
6.609999999999999432e+01 1.034665814355361507e-02
6.659999999999999432e+01 1.061250522056074799e-02
6.709999999999999432e+01 1.012135017613307458e-02
6.759999999999999432e+01 1.012944056590041678e-02
6.800000000000000000e+01 1.051928328872514702e-02
6.850000000000000000e+01 9.990902915849217067e-03
6.900000000000000000e+01 9.992093444392670734e-03
6.950000000000000000e+01 9.923309902442062000e-03
7.000000000000000000e+01 9.966691926183631270e-03
7.050000000000000000e+01 1.022910946636363533e-02
7.100000000000000000e+01 9.920109879480748516e-03
7.159999999999999432e+01 9.981950456890526999e-03
7.209999999999999432e+01 9.988709961853470265e-03
7.259999999999999432e+01 1.000703924156884708e-02
7.309999999999999432e+01 9.995702492917269907e-03
7.370000000000000284e+01 9.992857264176292775e-03
7.420000000000000284e+01 1.001690714494382628e-02
7.470000000000000284e+01 1.002784708947488182e-02
7.529999999999999716e+01 9.987170166976224589e-03
7.579999999999999716e+01 1.000228682581985953e-02
7.640000000000000568e+01 1.000951470685256320e-02
7.690000000000000568e+01 9.968660110850430245e-03
7.750000000000000000e+01 1.001141045000572549e-02
7.800000000000000000e+01 9.987512368522829045e-03
7.859999999999999432e+01 9.949193579041519866e-03
7.909999999999999432e+01 1.000466937719516128e-02
7.970000000000000284e+01 9.968423165159319074e-03
8.029999999999999716e+01 1.000643392466400890e-02
8.090000000000000568e+01 9.985435290089815855e-03
8.150000000000000000e+01 1.000791019214461973e-02
8.200000000000000000e+01 9.993528870557735061e-03
8.259999999999999432e+01 1.000043420430407962e-02
8.320000000000000284e+01 1.001167402884532882e-02
8.379999999999999716e+01 1.000918597325457272e-02
8.440000000000000568e+01 1.001448433182249888e-02
8.509999999999999432e+01 1.000693446284191095e-02
8.570000000000000284e+01 1.002440686622733772e-02
8.629999999999999716e+01 9.987485489044652803e-03
8.690000000000000568e+01 9.985641277239006020e-03
8.750000000000000000e+01 1.001723539842119641e-02
8.820000000000000284e+01 9.991953376779771911e-03
8.879999999999999716e+01 1.002259157835544597e-02
8.940000000000000568e+01 9.992814330133293135e-03
9.009999999999999432e+01 9.998056246647828854e-03
9.070000000000000284e+01 1.001348189736545047e-02
9.140000000000000568e+01 9.996619797069387914e-03
9.209999999999999432e+01 9.989651572289637987e-03
9.270000000000000284e+01 1.000966298834399942e-02
9.340000000000000568e+01 9.994405445095409790e-03
9.409999999999999432e+01 1.000541646140117730e-02
9.470000000000000284e+01 9.997496185945711766e-03
9.540000000000000568e+01 1.000290721939013985e-02
9.609999999999999432e+01 9.998070343838672339e-03
9.679999999999999716e+01 1.000194282364233120e-02
9.750000000000000000e+01 1.000912968800086664e-02
9.820000000000000284e+01 1.000881582797190361e-02
9.890000000000000568e+01 9.995206812071581390e-03
9.959999999999999432e+01 9.993053058625165491e-03
1.004000000000000057e+02 9.998440994477691968e-03
1.010999999999999943e+02 1.001415627119096527e-02
1.017999999999999972e+02 1.003025806477505014e-02
1.025999999999999943e+02 9.988539842877145955e-03
1.032999999999999972e+02 9.995295096872223312e-03
1.040000000000000000e+02 1.000791503922775910e-02
1.047999999999999972e+02 9.989059748084706813e-03
1.055000000000000000e+02 1.000769483159637610e-02
1.062999999999999972e+02 9.983231830381935484e-03
1.070999999999999943e+02 9.999752701844378394e-03
1.077999999999999972e+02 1.001446135174871924e-02
1.085999999999999943e+02 9.997835310291676089e-03
1.094000000000000057e+02 1.000656154182653045e-02
1.102000000000000028e+02 1.000117043468149412e-02
1.110000000000000000e+02 9.992970878594248027e-03
1.117999999999999972e+02 9.980056981062274124e-03
1.125999999999999943e+02 1.001641113084906186e-02
1.134000000000000057e+02 1.000712371095900492e-02
1.142000000000000028e+02 1.000485784087878915e-02
1.150999999999999943e+02 1.001135352571548391e-02
1.159000000000000057e+02 9.983635698195559779e-03
1.167000000000000028e+02 9.960874037964809885e-03
1.175999999999999943e+02 9.996619520522789792e-03
1.184000000000000057e+02 9.997584506246194602e-03
1.192999999999999972e+02 9.997566836696586412e-03
1.200999999999999943e+02 9.987350220345707699e-03
1.210000000000000000e+02 9.983379973887615208e-03
1.219000000000000057e+02 9.991213050733858611e-03
1.227999999999999972e+02 9.965501936865149568e-03
1.235999999999999943e+02 1.002379209116575909e-02
1.245000000000000000e+02 9.937073043641294831e-03
1.254000000000000057e+02 9.851936777702137438e-03
1.262999999999999972e+02 1.010393275286020943e-02
1.272999999999999972e+02 9.987407718938559956e-03
1.281999999999999886e+02 9.951485887971199540e-03
1.290999999999999943e+02 9.935477528346522633e-03
1.300000000000000000e+02 9.942955892323421599e-03
1.310000000000000000e+02 1.001019974279216199e-02
1.319000000000000057e+02 9.974709454480428991e-03
1.329000000000000057e+02 9.997068407979058102e-03
1.338000000000000114e+02 9.992144689915691963e-03
1.348000000000000114e+02 9.999182215186523670e-03
1.358000000000000114e+02 1.000194100600097259e-02
1.368000000000000114e+02 9.997336288708396496e-03
1.376999999999999886e+02 1.001319282843663935e-02
1.386999999999999886e+02 9.983466610274518288e-03
1.396999999999999886e+02 9.995858241118078455e-03
1.406999999999999886e+02 1.000150350117368601e-02
1.418000000000000114e+02 1.000976307990382799e-02
1.428000000000000114e+02 9.995897072011391757e-03
1.438000000000000114e+02 9.994975421745167996e-03
1.449000000000000057e+02 9.995878145206291143e-03
1.459000000000000057e+02 1.000907423928801450e-02
1.470000000000000000e+02 1.000487528301738892e-02
1.480000000000000000e+02 1.000182770188373822e-02
1.490999999999999943e+02 9.999539753605785411e-03
1.501999999999999886e+02 1.000325239718735139e-02
1.511999999999999886e+02 9.997438479267831135e-03
1.523000000000000114e+02 1.000197268508452170e-02
1.534000000000000057e+02 1.000285301434877469e-02
1.545000000000000000e+02 1.000401832405473611e-02
1.556999999999999886e+02 9.995898286056832324e-03
1.568000000000000114e+02 9.998382290797573624e-03
1.579000000000000057e+02 1.000533112976562805e-02
1.590999999999999943e+02 9.993248582049215831e-03
1.601999999999999886e+02 9.997471981524432005e-03
1.614000000000000057e+02 1.000440903693902532e-02
1.625000000000000000e+02 1.000449444143338383e-02
1.636999999999999886e+02 9.995382446398123899e-03
1.649000000000000057e+02 1.001219992778878097e-02
1.660999999999999943e+02 1.001100598723369053e-02
1.673000000000000114e+02 1.000823256291640852e-02
1.685000000000000000e+02 1.001203482037358629e-02
1.696999999999999886e+02 9.989616933232773818e-03
1.709000000000000057e+02 1.000339488452653067e-02
1.721999999999999886e+02 1.000349821072802139e-02
1.734000000000000057e+02 9.997582619386373437e-03
1.746999999999999886e+02 9.996662454634456726e-03
1.759000000000000057e+02 9.993934741115468798e-03
1.771999999999999886e+02 1.000559434866182124e-02
1.785000000000000000e+02 9.998119047063143069e-03
1.798000000000000114e+02 9.996433423576348357e-03
1.810999999999999943e+02 9.994955425509514588e-03
1.824000000000000057e+02 9.998775748448972614e-03
1.836999999999999886e+02 9.991207279225824966e-03
1.850000000000000000e+02 9.990386706157728183e-03
1.863000000000000114e+02 9.998480747280564379e-03
1.876999999999999886e+02 1.000511998810238619e-02
1.890000000000000000e+02 9.992611776376059129e-03
1.904000000000000057e+02 1.000167279538109570e-02
1.918000000000000114e+02 1.001551055425893393e-02
1.931999999999999886e+02 1.002798382006700115e-02
1.945999999999999943e+02 1.002372529813264600e-02
1.960000000000000000e+02 1.000161180022035926e-02
1.974000000000000057e+02 9.957536697978226770e-03
1.988000000000000114e+02 9.922142259177989948e-03
2.001999999999999886e+02 9.988445432215560527e-03
2.016999999999999886e+02 1.002078079112534922e-02
2.030999999999999943e+02 9.990876106987862243e-03
2.045999999999999943e+02 1.003520479465644377e-02
2.060999999999999943e+02 9.990807202709358834e-03
2.075999999999999943e+02 1.005308661452187016e-02
2.090999999999999943e+02 9.965812470472925483e-03
2.105999999999999943e+02 9.977659925962114110e-03
2.120999999999999943e+02 9.933947737492921162e-03
2.135999999999999943e+02 1.000499037959310875e-02
2.151999999999999886e+02 9.999559188015802458e-03
2.166999999999999886e+02 9.980566973752619947e-03
2.183000000000000114e+02 1.000012844067004955e-02
2.199000000000000057e+02 9.998615442719177918e-03
2.215000000000000000e+02 9.976414967707439643e-03
2.230999999999999943e+02 1.000832436159391180e-02
2.246999999999999886e+02 9.973640026677242643e-03
2.263000000000000114e+02 9.994022835955971087e-03
2.279000000000000057e+02 1.001978323186576703e-02
2.295999999999999943e+02 9.999588700413484382e-03
2.311999999999999886e+02 1.001440589873480759e-02
2.329000000000000057e+02 1.000016339960207827e-02
2.345999999999999943e+02 9.998148117634553245e-03
2.363000000000000114e+02 9.980622393911510806e-03
2.380000000000000000e+02 9.996411723157325874e-03
2.396999999999999886e+02 9.996790058975583287e-03
2.414000000000000057e+02 9.999490300164800768e-03
2.431999999999999886e+02 1.000348253807809874e-02
2.449000000000000057e+02 1.002071817061177955e-02
2.466999999999999886e+02 9.995577538506378659e-03
2.485000000000000000e+02 9.993040984002903374e-03
2.503000000000000114e+02 9.969811164343332643e-03
2.520999999999999943e+02 1.003486194885478203e-02
2.539000000000000057e+02 1.000588049770877695e-02
2.556999999999999886e+02 9.994632368443480408e-03
2.576000000000000227e+02 1.001173609577826057e-02
2.595000000000000000e+02 9.993822136553807620e-03
2.613000000000000114e+02 1.001064417139834427e-02
2.631999999999999886e+02 1.000142416918988267e-02
2.651000000000000227e+02 1.000091501575850125e-02
2.670000000000000000e+02 1.000249039070420787e-02
2.690000000000000000e+02 1.000546832201918042e-02
2.708999999999999773e+02 9.996645341426906028e-03
2.728999999999999773e+02 9.998992395478285486e-03
2.748000000000000114e+02 9.994429295169844282e-03
2.768000000000000114e+02 1.000392852093378096e-02
2.788000000000000114e+02 9.997027649066261151e-03
2.808000000000000114e+02 1.000216384405117065e-02
2.828999999999999773e+02 9.999928771167265404e-03
2.848999999999999773e+02 1.000070767084662061e-02
2.870000000000000000e+02 1.000132536948057475e-02
2.890000000000000000e+02 1.000059855413690073e-02
2.911000000000000227e+02 9.999449356990892240e-03
2.931999999999999886e+02 1.000001429714544865e-02
2.953000000000000114e+02 1.000063715104754919e-02
2.975000000000000000e+02 9.999541368369247243e-03
2.996000000000000227e+02 9.999486358551317247e-03
3.018000000000000114e+02 9.999335424685087265e-03
3.040000000000000000e+02 1.000018532174024553e-02
3.061999999999999886e+02 9.999909653100514176e-03
3.083999999999999773e+02 1.000009024581858912e-02
3.106000000000000227e+02 9.999706603924976567e-03
3.128000000000000114e+02 9.999747705950442003e-03
3.151000000000000227e+02 1.000081182178804567e-02
3.173999999999999773e+02 9.999551020094381640e-03
3.196999999999999886e+02 9.999859017451179222e-03
3.220000000000000000e+02 9.999724310003730784e-03
3.243000000000000114e+02 1.000035151457498092e-02
3.266000000000000227e+02 9.999671811030293178e-03
3.290000000000000000e+02 1.000019833023920758e-02
3.313999999999999773e+02 1.000031398798837366e-02
3.338000000000000114e+02 1.000089890536580602e-02
3.361999999999999886e+02 9.999707888680764434e-03
3.386000000000000227e+02 9.998982953439445459e-03
3.410000000000000000e+02 1.000062121590276909e-02
3.435000000000000000e+02 1.000021051476116668e-02
3.460000000000000000e+02 9.999371032237596227e-03
3.485000000000000000e+02 1.000035871723674308e-02
3.510000000000000000e+02 9.999021867161936306e-03
3.535000000000000000e+02 9.999702018734344874e-03
3.561000000000000227e+02 9.999754678877658537e-03
3.586999999999999886e+02 9.999021285566390277e-03
3.613000000000000114e+02 9.999522763970151301e-03
3.638999999999999773e+02 1.000084421115631644e-02
3.665000000000000000e+02 1.000026166866728114e-02
3.691000000000000227e+02 9.999200014733197056e-03
3.718000000000000114e+02 9.999802299210403325e-03
3.745000000000000000e+02 1.000398020895010981e-02
3.771999999999999886e+02 1.000165900500347635e-02
3.798999999999999773e+02 9.995489740246634586e-03
3.826999999999999886e+02 1.000254444040780087e-02
3.853999999999999773e+02 1.000350436758501438e-02
3.881999999999999886e+02 1.000950120610017390e-02
3.910000000000000000e+02 1.000336565159084742e-02
3.938000000000000114e+02 9.996522915389702280e-03
3.966999999999999886e+02 1.000061888187713140e-02
3.995000000000000000e+02 1.000355143711995944e-02
4.023999999999999773e+02 1.000040204443029129e-02
4.053000000000000114e+02 1.000699814783855522e-02
4.083000000000000114e+02 9.986807839991767438e-03
4.111999999999999886e+02 9.982689289771772001e-03
4.141999999999999886e+02 9.923569387598593985e-03
4.171999999999999886e+02 9.977792260929881085e-03
4.201999999999999886e+02 9.994259843666100651e-03
4.231999999999999886e+02 1.002340200162417719e-02
4.263000000000000114e+02 1.001805945958306361e-02
4.293999999999999773e+02 9.997073912714657742e-03
4.325000000000000000e+02 1.000969727877371040e-02
4.356000000000000227e+02 9.997097858249369071e-03
4.386999999999999886e+02 1.000027520545655225e-02
4.418999999999999773e+02 9.996062143633703892e-03
4.451000000000000227e+02 9.996936236277035800e-03
4.483000000000000114e+02 9.999411056752826113e-03
4.515000000000000000e+02 9.997662363138244343e-03
4.548000000000000114e+02 1.000221164288305625e-02
4.581000000000000227e+02 1.000049169380302395e-02
4.613999999999999773e+02 1.000063932752799124e-02
4.646999999999999886e+02 9.997796897176067579e-03
4.681000000000000227e+02 9.999502621743231942e-03
4.715000000000000000e+02 1.000025052950808714e-02
4.748999999999999773e+02 9.999475716473582576e-03
4.783000000000000114e+02 1.000207863673799671e-02
4.816999999999999886e+02 9.999733450654293629e-03
4.851999999999999886e+02 9.999672310558415170e-03
4.886999999999999886e+02 1.000011886407167760e-02
4.923000000000000114e+02 1.000021797311472470e-02
4.958000000000000114e+02 9.999554058028032807e-03
4.993999999999999773e+02 1.000025244257187612e-02
5.030000000000000000e+02 9.999348535750041470e-03
5.066000000000000227e+02 9.999557935151363527e-03
5.103000000000000114e+02 9.999766687210313171e-03
5.140000000000000000e+02 9.999942174345015367e-03
5.177000000000000455e+02 9.999617488726360304e-03
5.213999999999999773e+02 1.000055263913593624e-02
5.252000000000000455e+02 9.999440475096609687e-03
5.290000000000000000e+02 1.000004477049494696e-02
5.327999999999999545e+02 1.000039587348344923e-02
5.366000000000000227e+02 1.000050455180545583e-02
5.405000000000000000e+02 1.000060230016012672e-02
5.443999999999999773e+02 1.000042959818652800e-02
5.483999999999999773e+02 9.999316729134052895e-03
5.522999999999999545e+02 9.999828076867490340e-03
5.562999999999999545e+02 1.000043127131034632e-02
5.602999999999999545e+02 1.000140441475599710e-02
5.643999999999999773e+02 9.998848032834540059e-03
5.683999999999999773e+02 9.999887707480231355e-03
5.725000000000000000e+02 1.000019678078770992e-02
5.767000000000000455e+02 9.999118086702516242e-03
5.807999999999999545e+02 9.999001411780984727e-03
5.850000000000000000e+02 1.000036171087228566e-02
5.892999999999999545e+02 1.000054962217868104e-02
5.935000000000000000e+02 1.000033013587364565e-02
5.977999999999999545e+02 9.999145376708954910e-03
6.021000000000000227e+02 9.998960481524096083e-03
6.065000000000000000e+02 9.999826181106815162e-03
6.108999999999999773e+02 1.000300112477195934e-02
6.152999999999999545e+02 9.996259208171258404e-03
6.197000000000000455e+02 9.999103496844914674e-03
6.242000000000000455e+02 9.997181673073025215e-03
6.287000000000000455e+02 1.000036281090389313e-02
6.332000000000000455e+02 1.000002276398124536e-02
6.377999999999999545e+02 1.000015262500689346e-02
6.423999999999999773e+02 9.999786758896983541e-03
6.470000000000000000e+02 9.997036310033204781e-03
6.517000000000000455e+02 9.999847069983693396e-03
6.563999999999999773e+02 9.999886785200712974e-03
6.612000000000000455e+02 1.000115469603256313e-02
6.658999999999999773e+02 9.998283555164813596e-03
6.707999999999999545e+02 1.000106785233680420e-02
6.756000000000000227e+02 9.991504179416629133e-03
6.805000000000000000e+02 9.996929871611505078e-03
6.853999999999999773e+02 1.000504074454171451e-02
6.902999999999999545e+02 9.986006705190755145e-03
6.952999999999999545e+02 1.000024356388099118e-02
7.002999999999999545e+02 1.000115703009548003e-02
7.053999999999999773e+02 1.000234471062170540e-02
7.105000000000000000e+02 1.000267403423220694e-02
7.156000000000000227e+02 1.000512052825460081e-02
7.207999999999999545e+02 1.000293322432759327e-02
7.260000000000000000e+02 1.000164642581220786e-02
7.312000000000000455e+02 9.999647025905512507e-03
7.365000000000000000e+02 1.000047492983647916e-02
7.417999999999999545e+02 1.000009604091981093e-02
7.472000000000000455e+02 1.000073985589482010e-02
7.526000000000000227e+02 1.000024978169518006e-02
7.580000000000000000e+02 9.999203575049568637e-03
7.635000000000000000e+02 9.999955336759288466e-03
7.690000000000000000e+02 1.000130204816895331e-02
7.746000000000000227e+02 1.000154412521250466e-02
7.802000000000000455e+02 9.999114578341045112e-03
7.857999999999999545e+02 9.999014778335629100e-03
7.915000000000000000e+02 1.000055149169656876e-02
7.972000000000000455e+02 9.999252513186486502e-03
8.028999999999999773e+02 9.999768316426170880e-03
8.087000000000000455e+02 9.998523124382744168e-03
8.146000000000000227e+02 9.999766454292100676e-03
8.205000000000000000e+02 1.000174192632510839e-02
8.263999999999999773e+02 9.999997124810961965e-03
8.323999999999999773e+02 9.999836010656001917e-03
8.383999999999999773e+02 9.999841416461612356e-03
8.443999999999999773e+02 1.000054574592281094e-02
8.505000000000000000e+02 9.999503349303204280e-03
8.567000000000000455e+02 9.999412243983606813e-03
8.628999999999999773e+02 1.000056287142168585e-02
8.691000000000000227e+02 1.000024616115056594e-02
8.753999999999999773e+02 9.999819095602392391e-03
8.817000000000000455e+02 9.999800084911462938e-03
8.881000000000000227e+02 1.000022850874121919e-02
8.945000000000000000e+02 1.000013779999706608e-02
9.008999999999999773e+02 1.000028153871982371e-02
9.073999999999999773e+02 1.000016697652756845e-02
9.140000000000000000e+02 1.000057199029900055e-02
9.206000000000000227e+02 9.998630073459581838e-03
9.272000000000000455e+02 1.000034494309015934e-02
9.338999999999999773e+02 1.000035421433433970e-02
9.407000000000000455e+02 1.000067350718856010e-02
9.475000000000000000e+02 9.999800832499804865e-03
9.542999999999999545e+02 9.999133600939040176e-03
9.612000000000000455e+02 1.000063827843827857e-02
9.681000000000000227e+02 1.000038162987604111e-02
9.751000000000000227e+02 9.998954623254433308e-03
9.822000000000000455e+02 9.999570296166205435e-03
9.892999999999999545e+02 9.999773203533231930e-03
9.963999999999999773e+02 9.999472151619002644e-03
1.003600000000000023e+03 1.000084748049036819e-02
1.010899999999999977e+03 1.000001005237511828e-02
1.018200000000000045e+03 1.000013484537980168e-02
1.025500000000000000e+03 1.000034980609400444e-02
1.032900000000000091e+03 9.998500133363265319e-03
1.040400000000000091e+03 1.000109205884305852e-02
1.047900000000000091e+03 9.999986474071215214e-03
1.055400000000000091e+03 1.000052447300161899e-02
1.063099999999999909e+03 1.000560596258296547e-02
1.070700000000000045e+03 9.996428346760614925e-03
1.078500000000000000e+03 9.996314485446819095e-03
1.086299999999999955e+03 1.000479566821560994e-02
1.094099999999999909e+03 9.999233269597524593e-03
1.102000000000000000e+03 9.997160709923924929e-03
1.110000000000000000e+03 1.000055291066404006e-02
1.118000000000000000e+03 9.998646323439171202e-03
1.126099999999999909e+03 1.000116016779767358e-02
1.134200000000000045e+03 1.000142466518614409e-02
1.142400000000000091e+03 9.998923734184747558e-03
1.150599999999999909e+03 9.999850115979288037e-03
1.158900000000000091e+03 9.999802512821733338e-03
1.167299999999999955e+03 1.000149515821903597e-02
1.175700000000000045e+03 1.000013945028559517e-02
1.184200000000000045e+03 9.999977266024008549e-03
1.192799999999999955e+03 1.000038920131368463e-02
1.201400000000000091e+03 1.000001135346240654e-02
1.210099999999999909e+03 9.999853546394410139e-03
1.218799999999999955e+03 1.000031331502635075e-02
1.227599999999999909e+03 1.000005253283650121e-02
1.236500000000000000e+03 9.999921112276675961e-03
1.245400000000000091e+03 9.999977301684540368e-03
1.254400000000000091e+03 9.999977893107149171e-03
1.263500000000000000e+03 9.999873833343159504e-03
1.272599999999999909e+03 1.000004626116839275e-02
1.281799999999999955e+03 9.999992838585112023e-03
1.291000000000000000e+03 9.999991505196202321e-03
1.300400000000000091e+03 1.000000883450805587e-02
1.309700000000000045e+03 9.999891544360654111e-03
1.319200000000000045e+03 9.999994334890276865e-03
1.328700000000000045e+03 9.999929878293737501e-03
1.338299999999999955e+03 9.999841645154231018e-03
1.348000000000000000e+03 9.999896795623438098e-03
1.357700000000000045e+03 9.999902071703989717e-03
1.367500000000000000e+03 9.999957246959494811e-03
1.377400000000000091e+03 1.000001716617187654e-02
1.387400000000000091e+03 9.999829285776459797e-03
1.397400000000000091e+03 9.999900571502396557e-03
1.407500000000000000e+03 9.999892999117666881e-03
1.417599999999999909e+03 9.999699554801920465e-03
1.427900000000000091e+03 1.000012850283563820e-02
1.438200000000000045e+03 1.000022706638964767e-02
1.448599999999999909e+03 9.999543968666341209e-03
1.459000000000000000e+03 9.999312233862269611e-03
1.469599999999999909e+03 1.000045028109755596e-02
1.480200000000000045e+03 9.999621108377999487e-03
1.490900000000000091e+03 9.999518085749824550e-03
1.501599999999999909e+03 9.999627756607412654e-03
1.512500000000000000e+03 9.998912476918931855e-03
1.523400000000000091e+03 1.000322114728561390e-02
1.534400000000000091e+03 1.000042209653869037e-02
1.545500000000000000e+03 9.996655739486309117e-03
1.556599999999999909e+03 9.998673204021681082e-03
1.567900000000000091e+03 9.996014907717723150e-03
1.579200000000000045e+03 1.000297073418483784e-02
1.590599999999999909e+03 1.000171864413797011e-02
1.602099999999999909e+03 9.999080907234659393e-03
1.613700000000000045e+03 9.996543577456690199e-03
1.625299999999999955e+03 9.998621593999857185e-03
1.637099999999999909e+03 1.000016591880563757e-02
1.648900000000000091e+03 9.999181214999357942e-03
1.660799999999999955e+03 9.999971677081409896e-03
1.672799999999999955e+03 1.000051299157752975e-02
1.684900000000000091e+03 1.000031395409279808e-02
1.697000000000000000e+03 1.000027591001092890e-02
1.709299999999999955e+03 9.999887098721804007e-03
1.721599999999999909e+03 9.999789197234558794e-03
1.734099999999999909e+03 9.999465993991728252e-03
1.746599999999999909e+03 9.999701212265246775e-03
1.759200000000000045e+03 9.999797180633424390e-03
1.771900000000000091e+03 9.999964476229182900e-03
1.784700000000000045e+03 9.999917468141683932e-03
1.797599999999999909e+03 9.999554868396143964e-03
1.810599999999999909e+03 9.999671577700748257e-03
1.823599999999999909e+03 9.999945033074643386e-03
1.836799999999999955e+03 9.999579491507119486e-03
1.850099999999999909e+03 9.999811650378007469e-03
1.863400000000000091e+03 9.999785605629146409e-03
1.876900000000000091e+03 1.000029078643512905e-02
1.890400000000000091e+03 9.999509414327898554e-03
1.904099999999999909e+03 9.999645477679872801e-03
1.917799999999999955e+03 1.000040618540451801e-02
1.931700000000000045e+03 9.999444741893702415e-03
1.945599999999999909e+03 9.999868864646908190e-03
1.959700000000000045e+03 9.999710227692680878e-03
1.973799999999999955e+03 9.999760677236303394e-03
1.988099999999999909e+03 9.999760642727461429e-03
2.002500000000000000e+03 9.999936392218597078e-03
2.016900000000000091e+03 1.000000309157647246e-02
2.031500000000000000e+03 9.999899685602529203e-03
2.046200000000000045e+03 9.999786547020217409e-03
2.060900000000000091e+03 9.999654865798476497e-03
2.075800000000000182e+03 9.999868160552274898e-03
2.090800000000000182e+03 9.999688262099213493e-03
2.105900000000000091e+03 9.999678137990334129e-03
2.121099999999999909e+03 9.999529176146467260e-03
2.136400000000000091e+03 9.999728870602931155e-03
2.151900000000000091e+03 9.999748050383807513e-03
2.167400000000000091e+03 9.999747235575548454e-03
2.183000000000000000e+03 9.999858090405312067e-03
2.198800000000000182e+03 9.999833133045784098e-03
2.214699999999999818e+03 1.000033230979428291e-02
2.230699999999999818e+03 1.000025846049896507e-02
