# freq eta
3.539999999999999858e+01 3.907994461334257652e-01
3.560000000000000142e+01 3.908544410804537517e-01
3.589999999999999858e+01 3.909263164295354032e-01
3.610000000000000142e+01 3.909694137170109385e-01
3.639999999999999858e+01 3.910257676745302891e-01
3.660000000000000142e+01 3.910581117835624787e-01
3.689999999999999858e+01 3.910993587587398568e-01
3.720000000000000284e+01 3.911315753169453124e-01
3.739999999999999858e+01 3.911479158535695611e-01
3.770000000000000284e+01 3.911657301839619461e-01
3.800000000000000000e+01 3.911769241663676788e-01
3.829999999999999716e+01 3.911807991308048904e-01
3.850000000000000000e+01 3.911804060410938866e-01
3.879999999999999716e+01 3.911751235146339600e-01
3.910000000000000142e+01 3.911651566114929812e-01
3.939999999999999858e+01 3.911517225493167382e-01
3.970000000000000284e+01 3.911354752554445646e-01
4.000000000000000000e+01 3.911176363543023560e-01
4.020000000000000284e+01 3.911051736032924997e-01
4.050000000000000000e+01 3.910862037923188428e-01
4.079999999999999716e+01 3.910665633061901625e-01
4.110000000000000142e+01 3.910491293098988241e-01
4.139999999999999858e+01 3.910314109186106002e-01
4.170000000000000284e+01 3.910168521390293139e-01
4.200000000000000000e+01 3.910025163988913310e-01
4.229999999999999716e+01 3.909922202595368379e-01
4.260000000000000142e+01 3.909838176366898232e-01
4.289999999999999858e+01 3.909792017808195186e-01
4.320000000000000284e+01 3.909760342898339069e-01
4.360000000000000142e+01 3.909762904159184704e-01
4.389999999999999858e+01 3.909792108730689719e-01
4.420000000000000284e+01 3.909839001030644967e-01
4.450000000000000000e+01 3.909912259237230403e-01
4.479999999999999716e+01 3.909999442691866611e-01
4.520000000000000284e+01 3.910141832489658631e-01
4.550000000000000000e+01 3.910253135429978544e-01
4.579999999999999716e+01 3.910380108794600518e-01
4.610000000000000142e+01 3.910508082319456014e-01
4.650000000000000000e+01 3.910669620390784806e-01
4.679999999999999716e+01 3.910797193454478848e-01
4.710000000000000142e+01 3.910924992028101954e-01
4.750000000000000000e+01 3.911073393852514402e-01
4.779999999999999716e+01 3.911182774688779507e-01
4.820000000000000284e+01 3.911306071528579120e-01
4.850000000000000000e+01 3.911402745718065010e-01
4.889999999999999858e+01 3.911489157260137350e-01
4.920000000000000284e+01 3.911552810473214459e-01
4.960000000000000142e+01 3.911631335873063109e-01
4.989999999999999858e+01 3.911675430277390952e-01
5.029999999999999716e+01 3.911716132897060660e-01
5.070000000000000284e+01 3.911756674951947788e-01
5.100000000000000000e+01 3.911791593456557803e-01
5.139999999999999858e+01 3.911840658344327148e-01
5.179999999999999716e+01 3.911879549231150333e-01
5.210000000000000142e+01 3.911927557223433549e-01
5.250000000000000000e+01 3.912005432317937625e-01
5.289999999999999858e+01 3.912099837519786294e-01
5.329999999999999716e+01 3.912212498542885775e-01
5.370000000000000284e+01 3.912360953742261005e-01
5.410000000000000142e+01 3.912552245350795488e-01
5.439999999999999858e+01 3.912712651451047408e-01
5.479999999999999716e+01 3.912957346541988124e-01
5.520000000000000284e+01 3.913221153538802843e-01
5.560000000000000142e+01 3.913532445231877044e-01
5.600000000000000000e+01 3.913870905138899792e-01
5.639999999999999858e+01 3.914247706770758728e-01
5.679999999999999716e+01 3.914634382442665483e-01
5.729999999999999716e+01 3.915157221070190707e-01
5.770000000000000284e+01 3.915597540320026049e-01
5.810000000000000142e+01 3.916033582041132388e-01
5.850000000000000000e+01 3.916484464534619181e-01
5.889999999999999858e+01 3.916937057197630856e-01
5.939999999999999858e+01 3.917471932299308457e-01
5.979999999999999716e+01 3.917893603483691423e-01
6.020000000000000284e+01 3.918299344110680038e-01
6.060000000000000142e+01 3.918670570145447729e-01
6.110000000000000142e+01 3.919096620347289339e-01
6.150000000000000000e+01 3.919409750920241353e-01
6.200000000000000000e+01 3.919745633693340059e-01
6.239999999999999858e+01 3.919959428310573757e-01
6.289999999999999858e+01 3.920192031692506518e-01
6.329999999999999716e+01 3.920321315372339299e-01
6.379999999999999716e+01 3.920424738886944538e-01
6.420000000000000284e+01 3.920466619632752003e-01
6.470000000000000284e+01 3.920451308626503595e-01
6.520000000000000284e+01 3.920402502693153823e-01
6.559999999999999432e+01 3.920318425400945439e-01
6.609999999999999432e+01 3.920177025285955796e-01
6.659999999999999432e+01 3.920012014976360648e-01
6.709999999999999432e+01 3.919819563168112642e-01
6.759999999999999432e+01 3.919606425120634174e-01
6.800000000000000000e+01 3.919429667992846977e-01
6.850000000000000000e+01 3.919223124565491267e-01
6.900000000000000000e+01 3.919020692762714697e-01
6.950000000000000000e+01 3.918840686026883735e-01
7.000000000000000000e+01 3.918693370657211905e-01
7.050000000000000000e+01 3.918575878667196477e-01
7.100000000000000000e+01 3.918496866451291472e-01
7.159999999999999432e+01 3.918461924640322391e-01
7.209999999999999432e+01 3.918478193397243459e-01
7.259999999999999432e+01 3.918544560505844432e-01
7.309999999999999432e+01 3.918662066248296272e-01
7.370000000000000284e+01 3.918856804396459448e-01
7.420000000000000284e+01 3.919068833501961890e-01
7.470000000000000284e+01 3.919316951260898851e-01
7.529999999999999716e+01 3.919662052149808229e-01
7.579999999999999716e+01 3.919977400724398708e-01
7.640000000000000568e+01 3.920394172615852546e-01
7.690000000000000568e+01 3.920759354249382933e-01
7.750000000000000000e+01 3.921215770588003524e-01
7.800000000000000000e+01 3.921606076206094471e-01
7.859999999999999432e+01 3.922081387462907354e-01
7.909999999999999432e+01 3.922471086163852316e-01
7.970000000000000284e+01 3.922932825887029407e-01
8.029999999999999716e+01 3.923390504851396732e-01
8.090000000000000568e+01 3.923831785891374602e-01
8.150000000000000000e+01 3.924252590173885613e-01
8.200000000000000000e+01 3.924596101686601002e-01
8.259999999999999432e+01 3.924988783666208403e-01
8.320000000000000284e+01 3.925364510958754827e-01
8.379999999999999716e+01 3.925722619664828716e-01
8.440000000000000568e+01 3.926074769915944285e-01
8.509999999999999432e+01 3.926468667289421122e-01
8.570000000000000284e+01 3.926800281275080740e-01
8.629999999999999716e+01 3.927133253528277135e-01
8.690000000000000568e+01 3.927466761827821395e-01
8.750000000000000000e+01 3.927803956004910502e-01
8.820000000000000284e+01 3.928203470388669794e-01
8.879999999999999716e+01 3.928554875231203836e-01
8.940000000000000568e+01 3.928913118426312079e-01
9.009999999999999432e+01 3.929351025840313039e-01
9.070000000000000284e+01 3.929726610141085485e-01
9.140000000000000568e+01 3.930182483324080045e-01
9.209999999999999432e+01 3.930638554124551431e-01
9.270000000000000284e+01 3.931030400514017864e-01
9.340000000000000568e+01 3.931475881311365383e-01
9.409999999999999432e+01 3.931926479909661487e-01
9.470000000000000284e+01 3.932285025924982524e-01
9.540000000000000568e+01 3.932689707157820957e-01
9.609999999999999432e+01 3.933067539606603380e-01
9.679999999999999716e+01 3.933409613476347433e-01
9.750000000000000000e+01 3.933717520204930707e-01
9.820000000000000284e+01 3.933984184260704287e-01
9.890000000000000568e+01 3.934206783160674181e-01
9.959999999999999432e+01 3.934391164363578164e-01
1.004000000000000057e+02 3.934543808589770486e-01
1.010999999999999943e+02 3.934639284664520065e-01
1.017999999999999972e+02 3.934695916712342423e-01
1.025999999999999943e+02 3.934718370344968408e-01
1.032999999999999972e+02 3.934710352643932540e-01
1.040000000000000000e+02 3.934681559211649637e-01
1.047999999999999972e+02 3.934630132640529188e-01
1.055000000000000000e+02 3.934577519744751339e-01
1.062999999999999972e+02 3.934507628310631167e-01
1.070999999999999943e+02 3.934457933627945048e-01
1.077999999999999972e+02 3.934411192900951759e-01
1.085999999999999943e+02 3.934392930523344378e-01
1.094000000000000057e+02 3.934389090489051055e-01
1.102000000000000028e+02 3.934418643725107745e-01
1.110000000000000000e+02 3.934483987229439039e-01
1.117999999999999972e+02 3.934569100901011418e-01
1.125999999999999943e+02 3.934694300541489720e-01
1.134000000000000057e+02 3.934842504447362832e-01
1.142000000000000028e+02 3.935007815730208747e-01
1.150999999999999943e+02 3.935230290713792045e-01
1.159000000000000057e+02 3.935448770093328830e-01
1.167000000000000028e+02 3.935682130360237396e-01
1.175999999999999943e+02 3.935953271048643343e-01
1.184000000000000057e+02 3.936189340579518414e-01
1.192999999999999972e+02 3.936466919562402467e-01
1.200999999999999943e+02 3.936707171683739293e-01
1.210000000000000000e+02 3.936983214872310510e-01
1.219000000000000057e+02 3.937246044000417555e-01
1.227999999999999972e+02 3.937523791288348174e-01
1.235999999999999943e+02 3.937748583878354913e-01
1.245000000000000000e+02 3.938015781050909214e-01
1.254000000000000057e+02 3.938288703221817788e-01
1.262999999999999972e+02 3.938569073037512802e-01
1.272999999999999972e+02 3.938901254306151900e-01
1.281999999999999886e+02 3.939202678998814378e-01
1.290999999999999943e+02 3.939535965120042893e-01
1.300000000000000000e+02 3.939891840654342059e-01
1.310000000000000000e+02 3.940314853161845376e-01
1.319000000000000057e+02 3.940732904948223703e-01
1.329000000000000057e+02 3.941212094119890263e-01
1.338000000000000114e+02 3.941669202380091441e-01
1.348000000000000114e+02 3.942192678056773425e-01
1.358000000000000114e+02 3.942734301956575260e-01
1.368000000000000114e+02 3.943281505503685724e-01
1.376999999999999886e+02 3.943789212287423518e-01
1.386999999999999886e+02 3.944332768946989254e-01
1.396999999999999886e+02 3.944862580700572718e-01
1.406999999999999886e+02 3.945376990883274759e-01
1.418000000000000114e+02 3.945917036192351235e-01
1.428000000000000114e+02 3.946373115721816260e-01
1.438000000000000114e+02 3.946780287436216783e-01
1.449000000000000057e+02 3.947184258020575709e-01
1.459000000000000057e+02 3.947515791164020182e-01
1.470000000000000000e+02 3.947829394622079935e-01
1.480000000000000000e+02 3.948067152755578291e-01
1.490999999999999943e+02 3.948299554119875654e-01
1.501999999999999886e+02 3.948484970939780681e-01
1.511999999999999886e+02 3.948629964699884587e-01
1.523000000000000114e+02 3.948757679091909334e-01
1.534000000000000057e+02 3.948872807832782827e-01
1.545000000000000000e+02 3.948965941834484683e-01
1.556999999999999886e+02 3.949057839964535965e-01
1.568000000000000114e+02 3.949142375561233154e-01
1.579000000000000057e+02 3.949220661138995170e-01
1.590999999999999943e+02 3.949313433818066876e-01
1.601999999999999886e+02 3.949396055378378567e-01
1.614000000000000057e+02 3.949489609434703730e-01
1.625000000000000000e+02 3.949579887077907525e-01
1.636999999999999886e+02 3.949672416806154218e-01
1.649000000000000057e+02 3.949766038919856892e-01
1.660999999999999943e+02 3.949870946487122336e-01
1.673000000000000114e+02 3.949960893137064444e-01
1.685000000000000000e+02 3.950060278971750383e-01
1.696999999999999886e+02 3.950158135519986069e-01
1.709000000000000057e+02 3.950247753890540059e-01
1.721999999999999886e+02 3.950358410454437030e-01
1.734000000000000057e+02 3.950473790506552896e-01
1.746999999999999886e+02 3.950622656192077642e-01
1.759000000000000057e+02 3.950768681826090645e-01
1.771999999999999886e+02 3.950963609834849399e-01
1.785000000000000000e+02 3.951191686059960517e-01
1.798000000000000114e+02 3.951453103493531294e-01
1.810999999999999943e+02 3.951754728849788401e-01
1.824000000000000057e+02 3.952098969274328577e-01
1.836999999999999886e+02 3.952478213069752222e-01
1.850000000000000000e+02 3.952893247641314778e-01
1.863000000000000114e+02 3.953344562589111710e-01
1.876999999999999886e+02 3.953847226488798050e-01
1.890000000000000000e+02 3.954339269229244502e-01
1.904000000000000057e+02 3.954870778228042894e-01
1.918000000000000114e+02 3.955411299557505811e-01
1.931999999999999886e+02 3.955933086274743271e-01
1.945999999999999943e+02 3.956441395032047059e-01
1.960000000000000000e+02 3.956933650321665108e-01
1.974000000000000057e+02 3.957382038025298310e-01
1.988000000000000114e+02 3.957799599518030953e-01
2.001999999999999886e+02 3.958188063908423260e-01
2.016999999999999886e+02 3.958560001733829603e-01
2.030999999999999943e+02 3.958862235653078931e-01
2.045999999999999943e+02 3.959163217029418314e-01
2.060999999999999943e+02 3.959432098421099555e-01
2.075999999999999943e+02 3.959678923858990784e-01
2.090999999999999943e+02 3.959897718745866158e-01
2.105999999999999943e+02 3.960105824701434241e-01
2.120999999999999943e+02 3.960301191392810449e-01
2.135999999999999943e+02 3.960499534313395298e-01
2.151999999999999886e+02 3.960687602026741749e-01
2.166999999999999886e+02 3.960867603422210670e-01
2.183000000000000114e+02 3.961048924950286154e-01
2.199000000000000057e+02 3.961234691268045727e-01
2.215000000000000000e+02 3.961393393144641561e-01
2.230999999999999943e+02 3.961552123086486410e-01
2.246999999999999886e+02 3.961698785510642251e-01
2.263000000000000114e+02 3.961828522076129011e-01
2.279000000000000057e+02 3.961952236099220426e-01
2.295999999999999943e+02 3.962067427208256776e-01
2.311999999999999886e+02 3.962173643202303586e-01
2.329000000000000057e+02 3.962276721315989292e-01
2.345999999999999943e+02 3.962391136442185990e-01
2.363000000000000114e+02 3.962499355070766560e-01
2.380000000000000000e+02 3.962628760790502525e-01
2.396999999999999886e+02 3.962767452573535687e-01
2.414000000000000057e+02 3.962923949910664434e-01
2.431999999999999886e+02 3.963105689287743094e-01
2.449000000000000057e+02 3.963295777904810580e-01
2.466999999999999886e+02 3.963508092218478995e-01
2.485000000000000000e+02 3.963737860248103817e-01
2.503000000000000114e+02 3.963970892589448458e-01
2.520999999999999943e+02 3.964207565474251460e-01
2.539000000000000057e+02 3.964446138207830539e-01
2.556999999999999886e+02 3.964658593067502679e-01
2.576000000000000227e+02 3.964885398792562521e-01
2.595000000000000000e+02 3.965086308054994180e-01
2.613000000000000114e+02 3.965273263982752594e-01
2.631999999999999886e+02 3.965455981128868101e-01
2.651000000000000227e+02 3.965616699204339568e-01
2.670000000000000000e+02 3.965795090613556395e-01
2.690000000000000000e+02 3.965979094498037760e-01
2.708999999999999773e+02 3.966173023646870077e-01
2.728999999999999773e+02 3.966390518686192523e-01
2.748000000000000114e+02 3.966639084053829034e-01
2.768000000000000114e+02 3.966916881916052739e-01
2.788000000000000114e+02 3.967235038698659344e-01
2.808000000000000114e+02 3.967585557502317228e-01
2.828999999999999773e+02 3.967992063832358474e-01
2.848999999999999773e+02 3.968392462916953134e-01
2.870000000000000000e+02 3.968834617727295400e-01
2.890000000000000000e+02 3.969257575898521573e-01
2.911000000000000227e+02 3.969690253197076246e-01
2.931999999999999886e+02 3.970109843319231113e-01
2.953000000000000114e+02 3.970505769942104801e-01
2.975000000000000000e+02 3.970872727493151011e-01
2.996000000000000227e+02 3.971198766144301562e-01
3.018000000000000114e+02 3.971470603520472764e-01
3.040000000000000000e+02 3.971697324572197041e-01
3.061999999999999886e+02 3.971862853090045720e-01
3.083999999999999773e+02 3.971973536757160139e-01
3.106000000000000227e+02 3.972027699196254424e-01
3.128000000000000114e+02 3.972016148405366209e-01
3.151000000000000227e+02 3.971955236240733433e-01
3.173999999999999773e+02 3.971833927353971005e-01
3.196999999999999886e+02 3.971638089689059070e-01
3.220000000000000000e+02 3.971386225411550064e-01
3.243000000000000114e+02 3.971062036589330657e-01
3.266000000000000227e+02 3.970668192916573802e-01
3.290000000000000000e+02 3.970196438840053466e-01
3.313999999999999773e+02 3.969667223637733944e-01
3.338000000000000114e+02 3.969074421101700945e-01
3.361999999999999886e+02 3.968435871427113959e-01
3.386000000000000227e+02 3.967778795708500339e-01
3.410000000000000000e+02 3.967128397084713765e-01
3.435000000000000000e+02 3.966472027157612601e-01
3.460000000000000000e+02 3.965872607339093192e-01
3.485000000000000000e+02 3.965336894177660665e-01
3.510000000000000000e+02 3.964932451495558619e-01
3.535000000000000000e+02 3.964647505285384121e-01
3.561000000000000227e+02 3.964512411359199517e-01
3.586999999999999886e+02 3.964540342632629777e-01
3.613000000000000114e+02 3.964764579910011744e-01
3.638999999999999773e+02 3.965156623054582052e-01
3.665000000000000000e+02 3.965707450578598303e-01
3.691000000000000227e+02 3.966404849304243085e-01
3.718000000000000114e+02 3.967264264887195302e-01
3.745000000000000000e+02 3.968226590155378708e-01
3.771999999999999886e+02 3.969265323244218768e-01
3.798999999999999773e+02 3.970353743697299098e-01
3.826999999999999886e+02 3.971503878950336519e-01
3.853999999999999773e+02 3.972604302027771817e-01
3.881999999999999886e+02 3.973717865884102696e-01
3.910000000000000000e+02 3.974791549466712981e-01
3.938000000000000114e+02 3.975806626670123078e-01
3.966999999999999886e+02 3.976791019436622943e-01
3.995000000000000000e+02 3.977673142934534112e-01
4.023999999999999773e+02 3.978522771828291726e-01
4.053000000000000114e+02 3.979311437088781100e-01
4.083000000000000114e+02 3.980063666016094848e-01
4.111999999999999886e+02 3.980754681107662174e-01
4.141999999999999886e+02 3.981434329498514946e-01
4.171999999999999886e+02 3.982095142887349670e-01
4.201999999999999886e+02 3.982745538972555233e-01
4.231999999999999886e+02 3.983399160206689826e-01
4.263000000000000114e+02 3.984078853452522884e-01
4.293999999999999773e+02 3.984773344879485313e-01
4.325000000000000000e+02 3.985486976237535006e-01
4.356000000000000227e+02 3.986213245665629623e-01
4.386999999999999886e+02 3.986947941085888791e-01
4.418999999999999773e+02 3.987720494388611869e-01
4.451000000000000227e+02 3.988491046614281443e-01
4.483000000000000114e+02 3.989250738546916142e-01
4.515000000000000000e+02 3.989999936503583200e-01
4.548000000000000114e+02 3.990741184212264203e-01
4.581000000000000227e+02 3.991447835361272567e-01
4.613999999999999773e+02 3.992105248054257927e-01
4.646999999999999886e+02 3.992714439943216287e-01
4.681000000000000227e+02 3.993276822889604283e-01
4.715000000000000000e+02 3.993779087879649747e-01
4.748999999999999773e+02 3.994204681171036331e-01
4.783000000000000114e+02 3.994568496214480069e-01
4.816999999999999886e+02 3.994859313068863660e-01
4.851999999999999886e+02 3.995086388204436845e-01
4.886999999999999886e+02 3.995250122011108074e-01
4.923000000000000114e+02 3.995347480726013090e-01
4.958000000000000114e+02 3.995394262247115025e-01
4.993999999999999773e+02 3.995389315524275342e-01
5.030000000000000000e+02 3.995336950839430967e-01
5.066000000000000227e+02 3.995252474464081605e-01
5.103000000000000114e+02 3.995122588290683230e-01
5.140000000000000000e+02 3.994971617637814720e-01
5.177000000000000455e+02 3.994806543676466815e-01
5.213999999999999773e+02 3.994624139649757821e-01
5.252000000000000455e+02 3.994427516240225962e-01
5.290000000000000000e+02 3.994220180445774426e-01
5.327999999999999545e+02 3.994001615438242947e-01
5.366000000000000227e+02 3.993785991913970101e-01
5.405000000000000000e+02 3.993557634110305732e-01
5.443999999999999773e+02 3.993336318672362495e-01
5.483999999999999773e+02 3.993112771948725825e-01
5.522999999999999545e+02 3.992902994549437090e-01
5.562999999999999545e+02 3.992694664088519696e-01
5.602999999999999545e+02 3.992498187083409755e-01
5.643999999999999773e+02 3.992319360343237200e-01
5.683999999999999773e+02 3.992161391263617798e-01
5.725000000000000000e+02 3.992020248048955833e-01
5.767000000000000455e+02 3.991901152236312367e-01
5.807999999999999545e+02 3.991809775435360419e-01
5.850000000000000000e+02 3.991741091392580487e-01
5.892999999999999545e+02 3.991695029810867767e-01
5.935000000000000000e+02 3.991678063607557170e-01
5.977999999999999545e+02 3.991687090918291658e-01
6.021000000000000227e+02 3.991698761132388418e-01
6.065000000000000000e+02 3.991732466161322379e-01
6.108999999999999773e+02 3.991777167579466101e-01
6.152999999999999545e+02 3.991830071172994265e-01
6.197000000000000455e+02 3.991875641123295293e-01
6.242000000000000455e+02 3.991927542644169713e-01
6.287000000000000455e+02 3.991978952304735540e-01
6.332000000000000455e+02 3.992012916474034778e-01
6.377999999999999545e+02 3.992035745983217865e-01
6.423999999999999773e+02 3.992049313371870412e-01
6.470000000000000000e+02 3.992040205550230203e-01
6.517000000000000455e+02 3.992007757653312505e-01
6.563999999999999773e+02 3.991964117704193127e-01
6.612000000000000455e+02 3.991897780335865731e-01
6.658999999999999773e+02 3.991815350638737159e-01
6.707999999999999545e+02 3.991717943795742296e-01
6.756000000000000227e+02 3.991617172400997449e-01
6.805000000000000000e+02 3.991505377009024746e-01
6.853999999999999773e+02 3.991380087975942015e-01
6.902999999999999545e+02 3.991277056340704066e-01
6.952999999999999545e+02 3.991169540916543190e-01
7.002999999999999545e+02 3.991068676840858753e-01
7.053999999999999773e+02 3.990978448264019263e-01
7.105000000000000000e+02 3.990905595940550943e-01
7.156000000000000227e+02 3.990844776307320707e-01
7.207999999999999545e+02 3.990795415410796076e-01
7.260000000000000000e+02 3.990759614752927842e-01
7.312000000000000455e+02 3.990728855383068319e-01
7.365000000000000000e+02 3.990716700214672064e-01
7.417999999999999545e+02 3.990696445503482681e-01
7.472000000000000455e+02 3.990681828495205030e-01
7.526000000000000227e+02 3.990670328916958165e-01
7.580000000000000000e+02 3.990658431042949372e-01
7.635000000000000000e+02 3.990644758196869590e-01
7.690000000000000000e+02 3.990606445095767896e-01
7.746000000000000227e+02 3.990556114770577589e-01
7.802000000000000455e+02 3.990513874425134500e-01
7.857999999999999545e+02 3.990439357441620816e-01
7.915000000000000000e+02 3.990366600620064985e-01
7.972000000000000455e+02 3.990277267893869717e-01
8.028999999999999773e+02 3.990189952619611624e-01
8.087000000000000455e+02 3.990072012145797209e-01
8.146000000000000227e+02 3.989974961122746966e-01
8.205000000000000000e+02 3.989844412282899100e-01
8.263999999999999773e+02 3.989739666099574311e-01
8.323999999999999773e+02 3.989637675704170161e-01
8.383999999999999773e+02 3.989512702825567803e-01
8.443999999999999773e+02 3.989407687238900047e-01
8.505000000000000000e+02 3.989303299064640984e-01
8.567000000000000455e+02 3.989209503483608921e-01
8.628999999999999773e+02 3.989126845465089666e-01
8.691000000000000227e+02 3.989031924809204321e-01
8.753999999999999773e+02 3.988946609999686754e-01
8.817000000000000455e+02 3.988855155013699694e-01
8.881000000000000227e+02 3.988778375963423772e-01
8.945000000000000000e+02 3.988702170340584496e-01
9.008999999999999773e+02 3.988593589394620054e-01
9.073999999999999773e+02 3.988526774879736503e-01
9.140000000000000000e+02 3.988428403723756621e-01
9.206000000000000227e+02 3.988322666839016484e-01
9.272000000000000455e+02 3.988220309133939101e-01
9.338999999999999773e+02 3.988118988251994068e-01
9.407000000000000455e+02 3.987992606787966743e-01
9.475000000000000000e+02 3.987863088631361519e-01
9.542999999999999545e+02 3.987742725123122334e-01
9.612000000000000455e+02 3.987577160030201795e-01
9.681000000000000227e+02 3.987447262685794303e-01
9.751000000000000227e+02 3.987301806289626493e-01
9.822000000000000455e+02 3.987143302717744975e-01
9.892999999999999545e+02 3.986989780987867382e-01
9.963999999999999773e+02 3.986834876741565115e-01
1.003600000000000023e+03 3.986677955035820564e-01
1.010899999999999977e+03 3.986521856760962823e-01
1.018200000000000045e+03 3.986368804523587883e-01
1.025500000000000000e+03 3.986215375504840730e-01
1.032900000000000091e+03 3.986068790190690492e-01
1.040400000000000091e+03 3.985919972298706537e-01
1.047900000000000091e+03 3.985771631743464383e-01
1.055400000000000091e+03 3.985618731611894061e-01
1.063099999999999909e+03 3.985469551496221285e-01
1.070700000000000045e+03 3.985319920535479454e-01
1.078500000000000000e+03 3.985164562419908907e-01
1.086299999999999955e+03 -6.563057888249407945e+00
1.094099999999999909e+03 -7.760790862168303939e+00
1.102000000000000000e+03 -9.555964117938728464e+00
1.110000000000000000e+03 -1.254813292796039903e+01
1.118000000000000000e+03 -1.842967471457391326e+01
1.126099999999999909e+03 -3.574087132665394506e+01
1.134200000000000045e+03 -9.054863758169095718e+02
1.142400000000000091e+03 3.738149602110312486e+01
1.150599999999999909e+03 1.807428033698102610e+01
1.158900000000000091e+03 1.175747398423839840e+01
1.167299999999999955e+03 8.617522689800701130e+00
1.175700000000000045e+03 6.755292047337523087e+00
1.184200000000000045e+03 5.508664160736686632e+00
1.192799999999999955e+03 4.614427771755470253e+00
1.201400000000000091e+03 3.947523492040631687e+00
1.210099999999999909e+03 3.424604072028690105e+00
1.218799999999999955e+03 3.007194960678475137e+00
1.227599999999999909e+03 2.661946181968501524e+00
1.236500000000000000e+03 2.370945068817459145e+00
1.245400000000000091e+03 2.124274947001277614e+00
1.254400000000000091e+03 1.909723534289230695e+00
1.263500000000000000e+03 1.720833741546095474e+00
1.272599999999999909e+03 1.554425140469128497e+00
1.281799999999999955e+03 1.404625124809152137e+00
1.291000000000000000e+03 1.269965760937524557e+00
1.300400000000000091e+03 1.145176233747583261e+00
1.309700000000000045e+03 1.032251830523077896e+00
1.319200000000000045e+03 9.258518473378600788e-01
1.328700000000000045e+03 8.269452531434537956e-01
1.338299999999999955e+03 7.332927470503123324e-01
1.348000000000000000e+03 6.439300157860737839e-01
1.357700000000000045e+03 5.588699006916511003e-01
1.367500000000000000e+03 4.763791105138873161e-01
1.377400000000000091e+03 3.957112182282916946e-01
1.387400000000000091e+03 3.161465359744581316e-01
1.397400000000000091e+03 2.376834162524760208e-01
1.407500000000000000e+03 1.587670669218197439e-01
1.417599999999999909e+03 7.927582333671209791e-02
1.427900000000000091e+03 -3.340347275580635156e-03
1.438200000000000045e+03 -8.869287843373804825e-02
1.448599999999999909e+03 -1.790585802456726994e-01
1.459000000000000000e+03 -2.754068417636718058e-01
1.469599999999999909e+03 -3.821765420274250702e-01
1.480200000000000045e+03 -5.009624167946107320e-01
1.490900000000000091e+03 -6.379490323788676864e-01
1.501599999999999909e+03 -7.995558199737944349e-01
1.512500000000000000e+03 -1.001898888519230368e+00
1.523400000000000091e+03 -1.264010339861453724e+00
1.534400000000000091e+03 -1.631591656723722306e+00
1.545500000000000000e+03 -2.203385695031176095e+00
1.556599999999999909e+03 -3.243369846624680530e+00
1.567900000000000091e+03 -5.943095121807783876e+00
1.579200000000000045e+03 -3.187285392044555010e+01
1.590599999999999909e+03 9.230186643648869094e+00
1.602099999999999909e+03 3.900069285557714149e+00
1.613700000000000045e+03 2.381334209356612774e+00
1.625299999999999955e+03 1.645705290165960122e+00
1.637099999999999909e+03 1.190874250763607867e+00
1.648900000000000091e+03 8.751372044734762046e-01
1.660799999999999955e+03 6.323347415531845872e-01
1.672799999999999955e+03 4.319660438505616429e-01
1.684900000000000091e+03 2.566738407778810238e-01
1.697000000000000000e+03 9.647558430061378698e-02
1.709299999999999955e+03 -5.956998792263430709e-02
1.721599999999999909e+03 -2.161223784935635273e-01
1.734099999999999909e+03 -3.832733914813554188e-01
1.746599999999999909e+03 -5.675347242992878627e-01
1.759200000000000045e+03 -7.831687757577375786e-01
1.771900000000000091e+03 -1.051006180388091460e+00
1.784700000000000045e+03 -1.408783478420966073e+00
1.797599999999999909e+03 -1.935044287341975755e+00
1.810599999999999909e+03 -2.828018907232757950e+00
1.823599999999999909e+03 -4.756602202642475241e+00
1.836799999999999955e+03 -1.293420014004722773e+01
1.850099999999999909e+03 2.034100342857444943e+01
1.863400000000000091e+03 5.803228966598348748e+00
1.876900000000000091e+03 3.361366765211261320e+00
1.890400000000000091e+03 2.346098203458202747e+00
1.904099999999999909e+03 1.772736145389427920e+00
1.917799999999999955e+03 1.401777370665478140e+00
1.931700000000000045e+03 1.134029994616846615e+00
1.945599999999999909e+03 9.307293109114722629e-01
1.959700000000000045e+03 7.663427793455326320e-01
1.973799999999999955e+03 6.303106245517421380e-01
1.988099999999999909e+03 5.126572912870964727e-01
2.002500000000000000e+03 4.091872534489651714e-01
2.016900000000000091e+03 3.168406914205764147e-01
2.031500000000000000e+03 2.318477362873384851e-01
2.046200000000000045e+03 1.529755499553282772e-01
2.060900000000000091e+03 7.932047550721468832e-02
2.075800000000000182e+03 8.766203199671999610e-03
2.090800000000000182e+03 -5.901954478642998381e-02
2.105900000000000091e+03 -1.247653258922327008e-01
2.121099999999999909e+03 -1.890502236359103139e-01
2.136400000000000091e+03 -2.523936246544726814e-01
2.151900000000000091e+03 -3.156534538568950832e-01
2.167400000000000091e+03 -3.784084707948675574e-01
2.183000000000000000e+03 -4.414369291821753638e-01
2.198800000000000182e+03 -5.055012522254896945e-01
2.214699999999999818e+03 -5.705405132578611482e-01
2.230699999999999818e+03 -6.368884663877562025e-01
