#
#--------------------------------------------------------------------------------
### 
## 
## Courbe 0
## resp__3
## Courbe 1
## resp__2
## Courbe 2
## resp__1
## Courbe 3
## resp_0
## Courbe 4
## resp_1
## Courbe 5
## resp_2
## Courbe 6
## resp_3
## Courbe 7
## resp_4
## Courbe 8
## resp_5
## Courbe 9
## resp_6
## Courbe 10
## resp_7
## Courbe 11
## resp_8
## Courbe 12
## resp_9
## Courbe 13
## resp_10
## Courbe 14
## resp_11
## Courbe 15
## resp_12
## Courbe 16
## resp_13
## Courbe 17
## resp_14
## Courbe 18
## resp_15
## Courbe 19
## resp_16
## Courbe 20
## resp_17
FREQ          DZ_0_R        DZ_0_I        DZ_1_R        DZ_1_I        DZ_2_R        DZ_2_I        DZ_3_R        DZ_3_I        DZ_4_R        DZ_4_I        DZ_5_R        DZ_5_I        DZ_6_R        DZ_6_I        DZ_7_R        DZ_7_I        DZ_8_R        DZ_8_I        DZ_9_R        DZ_9_I        DZ_10_R       DZ_10_I       DZ_11_R       DZ_11_I       DZ_12_R       DZ_12_I       DZ_13_R       DZ_13_I       DZ_14_R       DZ_14_I       DZ_15_R       DZ_15_I       DZ_16_R       DZ_16_I       DZ_17_R       DZ_17_I       DZ_18_R       DZ_18_I       DZ_19_R       DZ_19_I       DZ_20_R       DZ_20_I     
 5.00000E+00   6.80536E-05   1.35443E-04   8.48700E-05   1.68745E-04   9.74240E-05   1.93510E-04   1.06059E-04   2.10450E-04   1.11123E-04   2.20278E-04   1.12963E-04   2.23709E-04   1.11934E-04   2.21462E-04   1.08391E-04   2.14256E-04   1.02692E-04   2.02815E-04   9.52008E-05   1.87862E-04   8.62809E-05   1.70125E-04   7.63002E-05   1.50333E-04   6.56287E-05   1.29216E-04   5.46385E-05   1.07506E-04   4.37037E-05   8.59379E-05   3.31996E-05   6.52455E-05   2.35030E-05   4.61649E-05   1.49915E-05   2.94323E-05   8.04357E-06   1.57846E-05   3.03784E-06   5.95899E-06   3.53334E-07   6.92837E-07
 1.00000E+01   1.39433E-04   2.73267E-04   1.74727E-04   3.41058E-04   2.01556E-04   3.91817E-04   2.20489E-04   4.26883E-04   2.32118E-04   4.47609E-04   2.37060E-04   4.55367E-04   2.35955E-04   4.51549E-04   2.29473E-04   4.37564E-04   2.18306E-04   4.14841E-04   2.03175E-04   3.84825E-04   1.84824E-04   3.48982E-04   1.64017E-04   3.08791E-04   1.41541E-04   2.65747E-04   1.18200E-04   2.21358E-04   9.48137E-05   1.77141E-04   7.22153E-05   1.34624E-04   5.12476E-05   9.53430E-05   3.27615E-05   6.08378E-05   1.76137E-05   3.26531E-05   6.66461E-06   1.23360E-05   7.76483E-07   1.43522E-06
 1.50000E+01   2.18315E-04   4.15949E-04   2.75846E-04   5.20651E-04   3.20855E-04   5.99913E-04   3.53871E-04   6.55527E-04   3.75499E-04   6.89338E-04   3.86432E-04   7.03256E-04   3.87454E-04   6.99251E-04   3.79444E-04   6.79361E-04   3.63372E-04   6.45684E-04   3.40301E-04   6.00385E-04   3.11382E-04   5.45685E-04   2.77846E-04   4.83861E-04   2.40998E-04   4.17237E-04   2.02211E-04   3.48185E-04   1.62915E-04   2.79112E-04   1.24585E-04   2.12457E-04   8.87382E-05   1.50686E-04   5.69197E-05   9.62805E-05   3.06960E-05   5.17394E-05   1.16470E-05   1.95686E-05   1.36042E-06   2.27901E-06
 2.00000E+01   3.10968E-04   5.65963E-04   3.97677E-04   7.11236E-04   4.68102E-04   8.22790E-04   5.22241E-04   9.02609E-04   5.60285E-04   9.52809E-04   5.82649E-04   9.75652E-04   5.89978E-04   9.73552E-04   5.83162E-04   9.49076E-04   5.63331E-04   9.04945E-04   5.31857E-04   8.44029E-04   4.90338E-04   7.69338E-04   4.40592E-04   6.84014E-04   3.84630E-04   5.91315E-04   3.24644E-04   4.94607E-04   2.62977E-04   3.97344E-04   2.02104E-04   3.03057E-04   1.44603E-04   2.15337E-04   9.31335E-05   1.37819E-04   5.04118E-05   7.41747E-05   1.91919E-05   2.80929E-05   2.24847E-06   3.27592E-06
 2.50000E+01   4.28004E-04   7.24948E-04   5.56250E-04   9.15252E-04   6.65032E-04   1.06370E-03   7.52943E-04   1.17216E-03   8.18999E-04   1.24274E-03   8.62686E-04   1.27784E-03   8.83998E-04   1.28014E-03   8.83459E-04   1.25263E-03   8.62131E-04   1.19860E-03   8.21608E-04   1.12162E-03   7.64001E-04   1.02553E-03   6.91907E-04   9.14415E-04   6.08375E-04   7.92600E-04   5.16860E-04   6.64604E-04   4.21174E-04   5.35121E-04   3.25425E-04   4.08987E-04   2.33970E-04   2.91156E-04   1.51351E-04   1.86667E-04   8.22462E-05   1.00622E-04   3.14218E-05   3.81639E-05   3.69295E-06   4.45605E-06
 3.00000E+01   5.88495E-04   8.90108E-04   7.80431E-04   1.12841E-03   9.50850E-04   1.31675E-03   1.09539E-03   1.45664E-03   1.21051E-03   1.55002E-03   1.29360E-03   1.59928E-03   1.34303E-03   1.60731E-03   1.35828E-03   1.57747E-03   1.33987E-03   1.51360E-03   1.28945E-03   1.41998E-03   1.20972E-03   1.30136E-03   1.10438E-03   1.16283E-03   9.78113E-04   1.00989E-03   8.36424E-04   8.48303E-04   6.85593E-04   6.84129E-04   5.32534E-04   5.23635E-04   3.84688E-04   3.73265E-04   2.49901E-04   2.39594E-04   1.36312E-04   1.29291E-04   5.22529E-05   4.90852E-05   6.15962E-06   5.73627E-06
 3.50000E+01   8.25150E-04   1.04095E-03   1.11977E-03   1.31957E-03   1.39291E-03   1.53944E-03   1.63456E-03   1.70226E-03   1.83617E-03   1.81027E-03   1.99092E-03   1.86636E-03   2.09389E-03   1.87399E-03   2.14217E-03   1.83727E-03   2.13495E-03   1.76085E-03   2.07355E-03   1.64992E-03   1.96135E-03   1.51016E-03   1.80374E-03   1.34765E-03   1.60802E-03   1.16886E-03   1.38316E-03   9.80573E-04   1.13968E-03   7.89807E-04   8.89377E-04   6.03793E-04   6.45129E-04   4.29913E-04   4.20633E-04   2.75661E-04   2.30191E-04   1.48608E-04   8.84952E-05   5.63676E-05   1.04587E-05   6.58190E-06
 4.00000E+01   1.17122E-03   1.10008E-03   1.62462E-03   1.37125E-03   2.05967E-03   1.57174E-03   2.45678E-03   1.70666E-03   2.79890E-03   1.78163E-03   3.07197E-03   1.80268E-03   3.26527E-03   1.77617E-03   3.37167E-03   1.70872E-03   3.38778E-03   1.60709E-03   3.31402E-03   1.47804E-03   3.15462E-03   1.32826E-03   2.91744E-03   1.16429E-03   2.61381E-03   9.92444E-04   2.25822E-03   8.18761E-04   1.86796E-03   6.49015E-04   1.46275E-03   4.88694E-04   1.06427E-03   3.43030E-04   6.95793E-04   2.17041E-04   3.81678E-04   1.15568E-04   1.47041E-04   4.33390E-05   1.74101E-05   5.00790E-06
 4.50000E+01   1.54002E-03   9.05293E-04   2.16334E-03   1.03729E-03   2.77169E-03   1.07830E-03   3.33507E-03   1.04597E-03   3.82724E-03   9.57527E-04   4.22640E-03   8.29529E-04   4.51563E-03   6.77415E-04   4.68336E-03   5.15161E-04   4.72351E-03   3.54942E-04   4.63570E-03   2.06845E-04   4.42512E-03   7.86725E-05   4.10239E-03  -2.41816E-05   3.68321E-03  -9.87561E-05   3.18800E-03  -1.44457E-04   2.64129E-03  -1.62904E-04   2.07122E-03  -1.57701E-04   1.50883E-03  -1.34149E-04   9.87491E-04  -9.89146E-05   5.42197E-04  -5.96854E-05   2.09053E-04  -2.48363E-05   2.47704E-05  -3.13312E-06
 5.00000E+01   1.60190E-03   5.04666E-04   2.23562E-03   3.90582E-04   2.84739E-03   1.58364E-04   3.40777E-03  -1.54521E-04   3.89139E-03  -5.12413E-04   4.27761E-03  -8.82286E-04   4.55090E-03  -1.23459E-03   4.70115E-03  -1.54402E-03   4.72380E-03  -1.79026E-03   4.61982E-03  -1.95843E-03   4.39560E-03  -2.03954E-03   4.06266E-03  -2.03060E-03   3.63728E-03  -1.93457E-03   3.14007E-03  -1.76016E-03   2.59538E-03  -1.52135E-03   2.03080E-03  -1.23684E-03   1.47649E-03  -9.29280E-04   9.64613E-04  -6.24536E-04   5.28800E-04  -3.50826E-04   2.03602E-04  -1.37955E-04   2.40947E-05  -1.66266E-05
 5.50000E+01   1.35867E-03   3.13982E-04   1.84405E-03   6.19745E-05   2.29011E-03  -3.29001E-04   2.67879E-03  -8.09118E-04   2.99565E-03  -1.33110E-03   3.23011E-03  -1.85134E-03   3.37555E-03  -2.33109E-03   3.42933E-03  -2.73750E-03   3.39252E-03  -3.04460E-03   3.26975E-03  -3.23397E-03   3.06885E-03  -3.29532E-03   2.80045E-03  -3.22662E-03   2.47765E-03  -3.03409E-03   2.11555E-03  -2.73183E-03   1.73094E-03  -2.34124E-03   1.34188E-03  -1.89018E-03   9.67388E-04  -1.41199E-03   6.27196E-04  -9.44383E-04   3.41474E-04  -5.28351E-04   1.30672E-04  -2.07051E-04   1.53797E-05  -2.48817E-05
 6.00000E+01   1.14186E-03   3.79942E-04   1.49150E-03   1.22290E-04   1.78442E-03  -2.87377E-04   2.01300E-03  -7.96028E-04   2.17292E-03  -1.35306E-03   2.26312E-03  -1.91156E-03   2.28559E-03  -2.42956E-03   2.24495E-03  -2.87131E-03   2.14800E-03  -3.20827E-03   2.00320E-03  -3.42002E-03   1.82012E-03  -3.49485E-03   1.60893E-03  -3.42997E-03   1.37997E-03  -3.23157E-03   1.14337E-03  -2.91439E-03   9.08820E-04  -2.50117E-03   6.85365E-04  -2.02168E-03   4.81375E-04  -1.51174E-03   3.04568E-04  -1.01197E-03   1.62110E-04  -5.66584E-04   6.07573E-05  -2.22175E-04   7.01627E-06  -2.67135E-05
 6.50000E+01   1.03979E-03   5.40099E-04   1.31174E-03   3.25028E-04   1.51218E-03  -5.24968E-05   1.63977E-03  -5.39591E-04   1.69672E-03  -1.08534E-03   1.68843E-03  -1.64208E-03   1.62309E-03  -2.16679E-03   1.51090E-03  -2.62237E-03   1.36338E-03  -2.97879E-03   1.19252E-03  -3.21410E-03   1.01003E-03  -3.31504E-03   8.26637E-04  -3.27741E-03   6.51563E-04  -3.10611E-03   4.92104E-04  -2.81483E-03   3.53431E-04  -2.42542E-03   2.38550E-04  -1.96704E-03   1.48434E-04  -1.47504E-03   8.22899E-05  -9.89760E-04   3.79206E-05  -5.55266E-04   1.21408E-05  -2.18110E-04   1.17899E-06  -2.62633E-05
 7.00000E+01   1.02162E-03   7.16749E-04   1.25773E-03   5.52292E-04   1.40891E-03   2.15097E-04   1.47711E-03  -2.42679E-04   1.46840E-03  -7.70271E-04   1.39257E-03  -1.31966E-03   1.26239E-03  -1.84698E-03   1.09264E-03  -2.31397E-03   8.99024E-04  -2.68919E-03   6.97095E-04  -2.94910E-03   5.01183E-04  -3.07883E-03   3.23494E-04  -3.07259E-03   1.73391E-04  -2.93379E-03   5.69131E-05  -2.67476E-03  -2.34502E-05  -2.31617E-03  -6.87242E-05  -1.88616E-03  -8.31822E-05  -1.41924E-03  -7.38845E-05  -9.55063E-04  -5.00822E-05  -5.37102E-04  -2.25617E-05  -2.11409E-04  -3.01370E-06  -2.55008E-05
 7.50000E+01   1.05760E-03   8.88550E-04   1.28396E-03   7.71754E-04   1.41218E-03   4.71456E-04   1.44542E-03   3.92853E-05   1.39204E-03  -4.73923E-04   1.26499E-03  -1.01953E-03   1.08085E-03  -1.55262E-03   8.58579E-04  -2.03354E-03   6.18111E-04  -2.42925E-03   3.78879E-04  -2.71451E-03   1.58450E-04  -2.87277E-03  -2.86880E-05  -2.89665E-03  -1.72063E-04  -2.78814E-03  -2.65856E-04  -2.55834E-03  -3.09180E-04  -2.22692E-03  -3.06020E-04  -1.82125E-03  -2.64849E-04  -1.37527E-03  -1.97991E-04  -9.28210E-04  -1.20788E-04  -5.23295E-04  -5.07028E-05  -2.06404E-04  -6.44027E-06  -2.49411E-05
 8.00000E+01   1.13211E-03   1.05121E-03   1.36635E-03   9.77018E-04   1.48855E-03   7.08063E-04   1.50166E-03   2.95802E-04   1.41519E-03  -2.08486E-04   1.24456E-03  -7.55198E-04   1.00988E-03  -1.29806E-03   7.34340E-04  -1.79575E-03   4.42465E-04  -2.21349E-03   1.58179E-04  -2.52424E-03  -9.69611E-05  -2.70976E-03  -3.05346E-04  -2.76118E-03  -4.54564E-04  -2.67921E-03  -5.38242E-04  -2.47396E-03  -5.56435E-04  -2.16439E-03  -5.15568E-04  -1.77738E-03  -4.27947E-04  -1.34666E-03  -3.10931E-04  -9.11432E-04  -1.85855E-04  -5.15027E-04  -7.68386E-05  -2.03538E-04  -9.64703E-06  -2.46351E-05
 8.50000E+01   1.23860E-03   1.20389E-03   1.49447E-03   1.16707E-03   1.62314E-03   9.23907E-04   1.62603E-03   5.26105E-04   1.51296E-03   2.57824E-05   1.30140E-03  -5.26152E-04   1.01496E-03  -1.08178E-03   6.81435E-04  -1.59799E-03   3.30571E-04  -2.03812E-03  -8.36934E-06  -2.37340E-03  -3.08894E-04  -2.58399E-03  -5.49336E-04  -2.65972E-03  -7.14496E-04  -2.60025E-03  -7.96771E-04  -2.41498E-03  -7.96705E-04  -2.12240E-03  -7.22959E-04  -1.74923E-03  -5.91719E-04  -1.32923E-03  -4.25660E-04  -9.01794E-04  -2.52571E-04  -5.10590E-04  -1.03841E-04  -2.02117E-04  -1.29807E-05  -2.44969E-05
 9.00000E+01   1.37555E-03   1.34515E-03   1.66545E-03   1.34013E-03   1.81117E-03   1.11720E-03   1.81136E-03   7.28817E-04   1.67537E-03   2.28383E-04   1.42239E-03  -3.31570E-04   1.07973E-03  -9.01298E-04   6.80376E-04  -1.43582E-03   2.60176E-04  -1.89672E-03  -1.45177E-04  -2.25368E-03  -5.03100E-04  -2.48558E-03  -7.86766E-04  -2.58128E-03  -9.77252E-04  -2.53978E-03  -1.06505E-03  -2.37007E-03  -1.05082E-03  -2.09050E-03  -9.45467E-04  -1.72780E-03  -7.69382E-04  -1.31585E-03  -5.51203E-04  -8.94305E-04  -3.26081E-04  -5.07080E-04  -1.33757E-04  -2.00965E-04  -1.66905E-05  -2.43813E-05
 9.50000E+01   1.54404E-03   1.47127E-03   1.88033E-03   1.49129E-03   2.05318E-03   1.28232E-03   2.05710E-03   8.98331E-04   1.90018E-03   3.94510E-04   1.60315E-03  -1.74641E-04   1.19729E-03  -7.57462E-04   7.21563E-04  -1.30725E-03   2.19047E-04  -1.78418E-03  -2.66806E-04  -2.15688E-03  -6.95934E-04  -2.40360E-03  -1.03505E-03  -2.51282E-03  -1.26045E-03  -2.48350E-03  -1.35996E-03  -2.32469E-03  -1.33409E-03  -2.05488E-03  -1.19605E-03  -1.70095E-03  -9.71022E-04  -1.29683E-03  -6.94550E-04  -8.82086E-04  -4.10413E-04  -5.00453E-04  -1.68208E-04  -1.98432E-04  -2.09755E-05  -2.40833E-05
 1.00000E+02   1.74601E-03   1.57522E-03   2.14148E-03   1.61100E-03   2.35155E-03   1.40797E-03   2.36517E-03   1.02267E-03   2.18831E-03   5.12845E-04   1.84304E-03  -6.46745E-05   1.36506E-03  -6.56345E-04   8.00214E-04  -1.21416E-03   2.00156E-04  -1.69763E-03  -3.82367E-04  -2.07532E-03  -8.98218E-04  -2.32590E-03  -1.30618E-03  -2.43861E-03  -1.57656E-03  -2.41328E-03  -1.69376E-03  -2.25976E-03  -1.65776E-03  -1.99706E-03  -1.48437E-03  -1.65220E-03  -1.20424E-03  -1.25878E-03  -8.61007E-04  -8.55557E-04  -5.08648E-04  -4.85044E-04  -2.08436E-04  -1.92193E-04  -2.59891E-05  -2.33123E-05

