# freq eta
3.539999999999999858e+01 4.022864893762326810e-01
3.560000000000000142e+01 4.025275856691559184e-01
3.589999999999999858e+01 4.028896670678797087e-01
3.610000000000000142e+01 4.031326787367308095e-01
3.639999999999999858e+01 4.034968440746651841e-01
3.660000000000000142e+01 4.037458315186874813e-01
3.689999999999999858e+01 4.041127243524119672e-01
3.720000000000000284e+01 4.044787664303881036e-01
3.739999999999999858e+01 4.047301063511192787e-01
3.770000000000000284e+01 4.050993250334901652e-01
3.800000000000000000e+01 4.054695521104716427e-01
3.829999999999999716e+01 4.058445824348990150e-01
3.850000000000000000e+01 4.060939060175262072e-01
3.879999999999999716e+01 4.064642333708386457e-01
3.910000000000000142e+01 4.068411222602463240e-01
3.939999999999999858e+01 4.072144349384184681e-01
3.970000000000000284e+01 4.075874508237166127e-01
4.000000000000000000e+01 4.079605795571510374e-01
4.020000000000000284e+01 4.082069897448413198e-01
4.050000000000000000e+01 4.085780366908552952e-01
4.079999999999999716e+01 4.089451289482960994e-01
4.110000000000000142e+01 4.093141091052341363e-01
4.139999999999999858e+01 4.096784353063886441e-01
4.170000000000000284e+01 4.100378215523142189e-01
4.200000000000000000e+01 4.103940944308307470e-01
4.229999999999999716e+01 4.107467990359930932e-01
4.260000000000000142e+01 4.110906699815151111e-01
4.289999999999999858e+01 4.114311987509972068e-01
4.320000000000000284e+01 4.117622205251056378e-01
4.360000000000000142e+01 4.121915975919598907e-01
4.389999999999999858e+01 4.125005912124398710e-01
4.420000000000000284e+01 4.127986871948881586e-01
4.450000000000000000e+01 4.130887244470012876e-01
4.479999999999999716e+01 4.133643004434872648e-01
4.520000000000000284e+01 4.137110692392453881e-01
4.550000000000000000e+01 4.139497308318527691e-01
4.579999999999999716e+01 4.141770438120646602e-01
4.610000000000000142e+01 4.143887946401253464e-01
4.650000000000000000e+01 4.146372267704184211e-01
4.679999999999999716e+01 4.148067102742369339e-01
4.710000000000000142e+01 4.149535717787365963e-01
4.750000000000000000e+01 4.151233350787808529e-01
4.779999999999999716e+01 4.152212794205969448e-01
4.820000000000000284e+01 4.153240910089618376e-01
4.850000000000000000e+01 4.153759016296595941e-01
4.889999999999999858e+01 4.154127363413810947e-01
4.920000000000000284e+01 4.154137743735834554e-01
4.960000000000000142e+01 4.153860334737258242e-01
4.989999999999999858e+01 4.153433062907588291e-01
5.029999999999999716e+01 4.152503810301160780e-01
5.070000000000000284e+01 4.151234758998041396e-01
5.100000000000000000e+01 4.150078426577696322e-01
5.139999999999999858e+01 4.148280592141221357e-01
5.179999999999999716e+01 4.146172417081142592e-01
5.210000000000000142e+01 4.144449443343976580e-01
5.250000000000000000e+01 4.141918007141819347e-01
5.289999999999999858e+01 4.139189042059178703e-01
5.329999999999999716e+01 4.136281433817752262e-01
5.370000000000000284e+01 4.133185661296885915e-01
5.410000000000000142e+01 4.129951015455333163e-01
5.439999999999999858e+01 4.127451090000084921e-01
5.479999999999999716e+01 4.124062870316516638e-01
5.520000000000000284e+01 4.120597887071068000e-01
5.560000000000000142e+01 4.117107156208139052e-01
5.600000000000000000e+01 4.113525688608192787e-01
5.639999999999999858e+01 4.109968107181390384e-01
5.679999999999999716e+01 4.106412622732094064e-01
5.729999999999999716e+01 4.102014260386911415e-01
5.770000000000000284e+01 4.098529268321337571e-01
5.810000000000000142e+01 4.095116751753287154e-01
5.850000000000000000e+01 4.091729325060772249e-01
5.889999999999999858e+01 4.088428282140401104e-01
5.939999999999999858e+01 4.084411026648285259e-01
5.979999999999999716e+01 4.081269713772975871e-01
6.020000000000000284e+01 4.078213272242057763e-01
6.060000000000000142e+01 4.075263716024825622e-01
6.110000000000000142e+01 4.071741256692801847e-01
6.150000000000000000e+01 4.069018205872507732e-01
6.200000000000000000e+01 4.065734561989809981e-01
6.239999999999999858e+01 4.063245501178627817e-01
6.289999999999999858e+01 4.060265740604934170e-01
6.329999999999999716e+01 4.057991492282357338e-01
6.379999999999999716e+01 4.055303821566776934e-01
6.420000000000000284e+01 4.053278932478918128e-01
6.470000000000000284e+01 4.050874132407330519e-01
6.520000000000000284e+01 4.048633125732669646e-01
6.559999999999999432e+01 4.046952348458657811e-01
6.609999999999999432e+01 4.044973264499002741e-01
6.659999999999999432e+01 4.043132490717470939e-01
6.709999999999999432e+01 4.041474955837862648e-01
6.759999999999999432e+01 4.039963258293324255e-01
6.800000000000000000e+01 4.038826365937501772e-01
6.850000000000000000e+01 4.037568641514296952e-01
6.900000000000000000e+01 4.036430151257281440e-01
6.950000000000000000e+01 4.035436875479885277e-01
7.000000000000000000e+01 4.034555756630516243e-01
7.050000000000000000e+01 4.033809507490644375e-01
7.100000000000000000e+01 4.033202392466129216e-01
7.159999999999999432e+01 4.032639179624414871e-01
7.209999999999999432e+01 4.032293476836207313e-01
7.259999999999999432e+01 4.032085125406704718e-01
7.309999999999999432e+01 4.031970546612169137e-01
7.370000000000000284e+01 4.032019870239297865e-01
7.420000000000000284e+01 4.032189156067552682e-01
7.470000000000000284e+01 4.032450294695311688e-01
7.529999999999999716e+01 4.032917756424220790e-01
7.579999999999999716e+01 4.033452698738093090e-01
7.640000000000000568e+01 4.034235992427780970e-01
7.690000000000000568e+01 4.035006229656942223e-01
7.750000000000000000e+01 4.036060510107883359e-01
7.800000000000000000e+01 4.037061126654594156e-01
7.859999999999999432e+01 4.038410350883189226e-01
7.909999999999999432e+01 4.039667699927469435e-01
7.970000000000000284e+01 4.041302287094620249e-01
8.029999999999999716e+01 4.043096241606373709e-01
8.090000000000000568e+01 4.045036630346344753e-01
8.150000000000000000e+01 4.047139803903492816e-01
8.200000000000000000e+01 4.048996582381378939e-01
8.259999999999999432e+01 4.051383083758479664e-01
8.320000000000000284e+01 4.053904513634893902e-01
8.379999999999999716e+01 4.056583063602284822e-01
8.440000000000000568e+01 4.059406299353945369e-01
8.509999999999999432e+01 4.062902332528204874e-01
8.570000000000000284e+01 4.066043892514216163e-01
8.629999999999999716e+01 4.069327803194474624e-01
8.690000000000000568e+01 4.072764071757363769e-01
8.750000000000000000e+01 4.076326666229607154e-01
8.820000000000000284e+01 4.080671808747932117e-01
8.879999999999999716e+01 4.084546091052367323e-01
8.940000000000000568e+01 4.088538125399485135e-01
9.009999999999999432e+01 4.093368531766380936e-01
9.070000000000000284e+01 4.097622705146537481e-01
9.140000000000000568e+01 4.102757830074796330e-01
9.209999999999999432e+01 4.108036246808697833e-01
9.270000000000000284e+01 4.112647409470311932e-01
9.340000000000000568e+01 4.118183477087276612e-01
9.409999999999999432e+01 4.123814657897863500e-01
9.470000000000000284e+01 4.128745647537650498e-01
9.540000000000000568e+01 4.134560720436947223e-01
9.609999999999999432e+01 4.140467584868647299e-01
9.679999999999999716e+01 4.146433202650914307e-01
9.750000000000000000e+01 4.152430013214079008e-01
9.820000000000000284e+01 4.158439042104425942e-01
9.890000000000000568e+01 4.164481307326177162e-01
9.959999999999999432e+01 4.170500124959485855e-01
1.004000000000000057e+02 4.177297596462439810e-01
1.010999999999999943e+02 4.183212367532404552e-01
1.017999999999999972e+02 4.189013533702965475e-01
1.025999999999999943e+02 4.195512758920094121e-01
1.032999999999999972e+02 4.201062503811607285e-01
1.040000000000000000e+02 4.206445003837832042e-01
1.047999999999999972e+02 4.212387359700123790e-01
1.055000000000000000e+02 4.217325355442937962e-01
1.062999999999999972e+02 4.222709644602399837e-01
1.070999999999999943e+02 4.227768474322146641e-01
1.077999999999999972e+02 4.231890073132831276e-01
1.085999999999999943e+02 4.236265795053812955e-01
1.094000000000000057e+02 4.240209389476198854e-01
1.102000000000000028e+02 4.243751859375557434e-01
1.110000000000000000e+02 4.246853898014588125e-01
1.117999999999999972e+02 4.249501627818751959e-01
1.125999999999999943e+02 4.251698081516072647e-01
1.134000000000000057e+02 4.253420053267797929e-01
1.142000000000000028e+02 4.254673464360130275e-01
1.150999999999999943e+02 4.255561575354901427e-01
1.159000000000000057e+02 4.255846969614026087e-01
1.167000000000000028e+02 4.255696194235999430e-01
1.175999999999999943e+02 4.255032649607318196e-01
1.184000000000000057e+02 4.253981013652807786e-01
1.192999999999999972e+02 4.252377495711683331e-01
1.200999999999999943e+02 4.250533643701194242e-01
1.210000000000000000e+02 4.248047174499449130e-01
1.219000000000000057e+02 4.245170483488824309e-01
1.227999999999999972e+02 4.241911941508526018e-01
1.235999999999999943e+02 4.238751075733213636e-01
1.245000000000000000e+02 4.234879270152424602e-01
1.254000000000000057e+02 4.230764603794542333e-01
1.262999999999999972e+02 4.226395480539473781e-01
1.272999999999999972e+02 4.221306451324576270e-01
1.281999999999999886e+02 4.216543171509846144e-01
1.290999999999999943e+02 4.211641801487260306e-01
1.300000000000000000e+02 4.206614858687969805e-01
1.310000000000000000e+02 4.200919456706034838e-01
1.319000000000000057e+02 4.195731195913527944e-01
1.329000000000000057e+02 4.189893329074014794e-01
1.338000000000000114e+02 4.184614761097714131e-01
1.348000000000000114e+02 4.178737657816365414e-01
1.358000000000000114e+02 4.172852934298766359e-01
1.368000000000000114e+02 4.167024581108835224e-01
1.376999999999999886e+02 4.161776095433104006e-01
1.386999999999999886e+02 4.156022307223933288e-01
1.396999999999999886e+02 4.150309116594444458e-01
1.406999999999999886e+02 4.144673399818830095e-01
1.418000000000000114e+02 4.138578305999055518e-01
1.428000000000000114e+02 4.133119100939915413e-01
1.438000000000000114e+02 4.127752019269024242e-01
1.449000000000000057e+02 4.121966372379988197e-01
1.459000000000000057e+02 4.116804322020102824e-01
1.470000000000000000e+02 4.111249375118843363e-01
1.480000000000000000e+02 4.106320099592232209e-01
1.490999999999999943e+02 4.101013285647648887e-01
1.501999999999999886e+02 4.095840322890111351e-01
1.511999999999999886e+02 4.091257004100614658e-01
1.523000000000000114e+02 4.086341678395705168e-01
1.534000000000000057e+02 4.081562333753729344e-01
1.545000000000000000e+02 4.076908930667406672e-01
1.556999999999999886e+02 4.072001405677314612e-01
1.568000000000000114e+02 4.067628814758076916e-01
1.579000000000000057e+02 4.063389153965741851e-01
1.590999999999999943e+02 4.058923332420760199e-01
1.601999999999999886e+02 4.054961205569357352e-01
1.614000000000000057e+02 4.050810576239905481e-01
1.625000000000000000e+02 4.047130970946648532e-01
1.636999999999999886e+02 4.043264435936001489e-01
1.649000000000000057e+02 4.039562827279631896e-01
1.660999999999999943e+02 4.036013954573938189e-01
1.673000000000000114e+02 4.032619191003725678e-01
1.685000000000000000e+02 4.029374879307854873e-01
1.696999999999999886e+02 4.026295531966260222e-01
1.709000000000000057e+02 4.023371294613188875e-01
1.721999999999999886e+02 4.020362142697049279e-01
1.734000000000000057e+02 4.017741328157418135e-01
1.746999999999999886e+02 4.015067977394315979e-01
1.759000000000000057e+02 4.012748987427638969e-01
1.771999999999999886e+02 4.010407444664207954e-01
1.785000000000000000e+02 4.008229673346228039e-01
1.798000000000000114e+02 4.006198921559570580e-01
1.810999999999999943e+02 4.004326687501557069e-01
1.824000000000000057e+02 4.002607983295715655e-01
1.836999999999999886e+02 4.001030585645412030e-01
1.850000000000000000e+02 3.999583591804811156e-01
1.863000000000000114e+02 3.998262843537982447e-01
1.876999999999999886e+02 3.996964897317206167e-01
1.890000000000000000e+02 3.995879971780004758e-01
1.904000000000000057e+02 3.994817156565197425e-01
1.918000000000000114e+02 3.993868836500376052e-01
1.931999999999999886e+02 3.993003403410136931e-01
1.945999999999999943e+02 3.992234982659261244e-01
1.960000000000000000e+02 3.991545830302589137e-01
1.974000000000000057e+02 3.990905106638549804e-01
1.988000000000000114e+02 3.990330511733102270e-01
2.001999999999999886e+02 3.989800234584539029e-01
2.016999999999999886e+02 3.989263376902533742e-01
2.030999999999999943e+02 3.988793461335638502e-01
2.045999999999999943e+02 3.988303434796930946e-01
2.060999999999999943e+02 3.987821597695092590e-01
2.075999999999999943e+02 3.987351259195726083e-01
2.090999999999999943e+02 3.986845113539772001e-01
2.105999999999999943e+02 3.986339093228326025e-01
2.120999999999999943e+02 3.985799456310432087e-01
2.135999999999999943e+02 3.985231569918967764e-01
2.151999999999999886e+02 3.984583609721125685e-01
2.166999999999999886e+02 3.983931481709220845e-01
2.183000000000000114e+02 3.983155047798214166e-01
2.199000000000000057e+02 3.982350685011942781e-01
2.215000000000000000e+02 3.981448902355592678e-01
2.230999999999999943e+02 3.980488572830926386e-01
2.246999999999999886e+02 3.979426797848577557e-01
2.263000000000000114e+02 3.978293495004428526e-01
2.279000000000000057e+02 3.977069095628795736e-01
2.295999999999999943e+02 3.975662862670695796e-01
2.311999999999999886e+02 3.974252622375217259e-01
2.329000000000000057e+02 3.972629340698288769e-01
2.345999999999999943e+02 3.970880557486305973e-01
2.363000000000000114e+02 3.969029971376132893e-01
2.380000000000000000e+02 3.967035038904930255e-01
2.396999999999999886e+02 3.964932009425003456e-01
2.414000000000000057e+02 3.962698051138136002e-01
2.431999999999999886e+02 3.960198937869537916e-01
2.449000000000000057e+02 3.957708298118018386e-01
2.466999999999999886e+02 3.954944446861629603e-01
2.485000000000000000e+02 3.952028582407799417e-01
2.503000000000000114e+02 3.948990869239760726e-01
2.520999999999999943e+02 3.945821036961707495e-01
2.539000000000000057e+02 3.942525914654579910e-01
2.556999999999999886e+02 3.939125533545812519e-01
2.576000000000000227e+02 3.935431377612296222e-01
2.595000000000000000e+02 3.931620753650250100e-01
2.613000000000000114e+02 3.927939037300476888e-01
2.631999999999999886e+02 3.923982825144958775e-01
2.651000000000000227e+02 3.919964854503209528e-01
2.670000000000000000e+02 3.915914438844221857e-01
2.690000000000000000e+02 3.911639399701747899e-01
2.708999999999999773e+02 3.907593584056868186e-01
2.728999999999999773e+02 3.903350032887415444e-01
2.748000000000000114e+02 3.899381732555262103e-01
2.768000000000000114e+02 3.895269255557780586e-01
2.788000000000000114e+02 3.891274947032159481e-01
2.808000000000000114e+02 3.887416166198877643e-01
2.828999999999999773e+02 3.883525414449320867e-01
2.848999999999999773e+02 3.879993754931482242e-01
2.870000000000000000e+02 3.876493224553558270e-01
2.890000000000000000e+02 3.873371158570972361e-01
2.911000000000000227e+02 3.870335089804417539e-01
2.931999999999999886e+02 3.867551717098938191e-01
2.953000000000000114e+02 3.865026564739601489e-01
2.975000000000000000e+02 3.862680332540362471e-01
2.996000000000000227e+02 3.860724384844752555e-01
3.018000000000000114e+02 3.858965873844205641e-01
3.040000000000000000e+02 3.857519349589167978e-01
3.061999999999999886e+02 3.856373968294055099e-01
3.083999999999999773e+02 3.855514679573939785e-01
3.106000000000000227e+02 3.854951193006543320e-01
3.128000000000000114e+02 3.854656419856905547e-01
3.151000000000000227e+02 3.854645770408180461e-01
3.173999999999999773e+02 3.854909642121870372e-01
3.196999999999999886e+02 3.855452330369381619e-01
3.220000000000000000e+02 3.856243039366672454e-01
3.243000000000000114e+02 3.857286248544208873e-01
3.266000000000000227e+02 3.858564011999587873e-01
3.290000000000000000e+02 3.860130985862927910e-01
3.313999999999999773e+02 3.861921962479457071e-01
3.338000000000000114e+02 3.863929553506140202e-01
3.361999999999999886e+02 3.866128591683601901e-01
3.386000000000000227e+02 3.868514130583457500e-01
3.410000000000000000e+02 3.871069303805708683e-01
3.435000000000000000e+02 3.873903529419268077e-01
3.460000000000000000e+02 3.876892539289857886e-01
3.485000000000000000e+02 3.880028082354234908e-01
3.510000000000000000e+02 3.883278635026207737e-01
3.535000000000000000e+02 3.886643752175015787e-01
3.561000000000000227e+02 3.890255213481287333e-01
3.586999999999999886e+02 3.893939381429868951e-01
3.613000000000000114e+02 3.897696882735958712e-01
3.638999999999999773e+02 3.901495374806313032e-01
3.665000000000000000e+02 3.905338614930389252e-01
3.691000000000000227e+02 3.909192843347948920e-01
3.718000000000000114e+02 3.913175401555288313e-01
3.745000000000000000e+02 3.917130357188921552e-01
3.771999999999999886e+02 3.921032656772426850e-01
3.798999999999999773e+02 3.924859430142698113e-01
3.826999999999999886e+02 3.928722180862322944e-01
3.853999999999999773e+02 3.932345273865184287e-01
3.881999999999999886e+02 3.935941694165422944e-01
3.910000000000000000e+02 3.939373412267433983e-01
3.938000000000000114e+02 3.942615228642507019e-01
3.966999999999999886e+02 3.945771291876202236e-01
3.995000000000000000e+02 3.948598457187337263e-01
4.023999999999999773e+02 3.951276963645975471e-01
4.053000000000000114e+02 3.953703380524319910e-01
4.083000000000000114e+02 3.955935691887280115e-01
4.111999999999999886e+02 3.957824134888897061e-01
4.141999999999999886e+02 3.959496893404558238e-01
4.171999999999999886e+02 3.960891737477119090e-01
4.201999999999999886e+02 3.961990176526989926e-01
4.231999999999999886e+02 3.962819736366115508e-01
4.263000000000000114e+02 3.963404731252793689e-01
4.293999999999999773e+02 3.963711328578231052e-01
4.325000000000000000e+02 3.963777068216645105e-01
4.356000000000000227e+02 3.963600726133654217e-01
4.386999999999999886e+02 3.963191503823229600e-01
4.418999999999999773e+02 3.962560430297676906e-01
4.451000000000000227e+02 3.961732078673361745e-01
4.483000000000000114e+02 3.960731131175340702e-01
4.515000000000000000e+02 3.959565601730904438e-01
4.548000000000000114e+02 3.958216471654376623e-01
4.581000000000000227e+02 3.956762680973108792e-01
4.613999999999999773e+02 3.955182710398614798e-01
4.646999999999999886e+02 3.953522561436655369e-01
4.681000000000000227e+02 3.951727916569072740e-01
4.715000000000000000e+02 3.949893907947732985e-01
4.748999999999999773e+02 3.948025360166890207e-01
4.783000000000000114e+02 3.946117674735157288e-01
4.816999999999999886e+02 3.944231610162344803e-01
4.851999999999999886e+02 3.942296361579565311e-01
4.886999999999999886e+02 3.940396613478696075e-01
4.923000000000000114e+02 3.938482831598087430e-01
4.958000000000000114e+02 3.936678513422781633e-01
4.993999999999999773e+02 3.934893864215713855e-01
5.030000000000000000e+02 3.933195935644078767e-01
5.066000000000000227e+02 3.931589853779476340e-01
5.103000000000000114e+02 3.930038015013964103e-01
5.140000000000000000e+02 3.928614482759859583e-01
5.177000000000000455e+02 3.927290008187363513e-01
5.213999999999999773e+02 3.926091706108700286e-01
5.252000000000000455e+02 3.925002710351042645e-01
5.290000000000000000e+02 3.924027290022326087e-01
5.327999999999999545e+02 3.923174314581790445e-01
5.366000000000000227e+02 3.922440141224214916e-01
5.405000000000000000e+02 3.921809841192619439e-01
5.443999999999999773e+02 3.921290279772690068e-01
5.483999999999999773e+02 3.920858277042217344e-01
5.522999999999999545e+02 3.920523184434460684e-01
5.562999999999999545e+02 3.920257302462459292e-01
5.602999999999999545e+02 3.920061863384463607e-01
5.643999999999999773e+02 3.919903890531039603e-01
5.683999999999999773e+02 3.919805993907699571e-01
5.725000000000000000e+02 3.919716178676988516e-01
5.767000000000000455e+02 3.919628357917633310e-01
5.807999999999999545e+02 3.919558618376049464e-01
5.850000000000000000e+02 3.919448693215539237e-01
5.892999999999999545e+02 3.919311187819355391e-01
5.935000000000000000e+02 3.919121063375270997e-01
5.977999999999999545e+02 3.918873491168677892e-01
6.021000000000000227e+02 3.918558066632996661e-01
6.065000000000000000e+02 3.918158227184783127e-01
6.108999999999999773e+02 3.917660774940816548e-01
6.152999999999999545e+02 3.917068530950391647e-01
6.197000000000000455e+02 3.916369971541691641e-01
6.242000000000000455e+02 3.915556345855105147e-01
6.287000000000000455e+02 3.914631610096676595e-01
6.332000000000000455e+02 3.913603701356406783e-01
6.377999999999999545e+02 3.912440065469390271e-01
6.423999999999999773e+02 3.911180819123473706e-01
6.470000000000000000e+02 3.909845018231188352e-01
6.517000000000000455e+02 3.908374964327211987e-01
6.563999999999999773e+02 3.906854537518021919e-01
6.612000000000000455e+02 3.905250052728193588e-01
6.658999999999999773e+02 3.903636151348867656e-01
6.707999999999999545e+02 3.901935074526121650e-01
6.756000000000000227e+02 3.900281057549740971e-01
6.805000000000000000e+02 3.898609596298060476e-01
6.853999999999999773e+02 3.896990495225964857e-01
6.902999999999999545e+02 3.895431918400171778e-01
6.952999999999999545e+02 3.893934751653528870e-01
7.002999999999999545e+02 3.892542257303195363e-01
7.053999999999999773e+02 3.891249216323402482e-01
7.105000000000000000e+02 3.890100994088228070e-01
7.156000000000000227e+02 3.889105255979726228e-01
7.207999999999999545e+02 3.888251396139099647e-01
7.260000000000000000e+02 3.887578726674245089e-01
7.312000000000000455e+02 3.887074819053418784e-01
7.365000000000000000e+02 3.886743275653261609e-01
7.417999999999999545e+02 3.886595221439752001e-01
7.472000000000000455e+02 3.886615623922109464e-01
7.526000000000000227e+02 3.886807514315914758e-01
7.580000000000000000e+02 3.887162187640567645e-01
7.635000000000000000e+02 3.887673091372497169e-01
7.690000000000000000e+02 3.888328290129232645e-01
7.746000000000000227e+02 3.889120876663488824e-01
7.802000000000000455e+02 3.890030289452782175e-01
7.857999999999999545e+02 3.891034800824498818e-01
7.915000000000000000e+02 3.892141786752938981e-01
7.972000000000000455e+02 3.893304566695796054e-01
8.028999999999999773e+02 3.894524251030240802e-01
8.087000000000000455e+02 3.895784055558871306e-01
8.146000000000000227e+02 3.897082690161661755e-01
8.205000000000000000e+02 3.898375778376210743e-01
8.263999999999999773e+02 3.899650362518881641e-01
8.323999999999999773e+02 3.900903531342351793e-01
8.383999999999999773e+02 3.902105126908984589e-01
8.443999999999999773e+02 3.903240824248987439e-01
8.505000000000000000e+02 3.904316692923809340e-01
8.567000000000000455e+02 3.905318766995838908e-01
8.628999999999999773e+02 3.906225355415123834e-01
8.691000000000000227e+02 3.907024922549121593e-01
8.753999999999999773e+02 3.907724869961552994e-01
8.817000000000000455e+02 3.908313611384381381e-01
8.881000000000000227e+02 3.908803283786817517e-01
8.945000000000000000e+02 3.909177975579896658e-01
9.008999999999999773e+02 3.909447422337744005e-01
9.073999999999999773e+02 3.909615226867488857e-01
9.140000000000000000e+02 3.909683605309942633e-01
9.206000000000000227e+02 3.909671204827647184e-01
9.272000000000000455e+02 3.909577518298572585e-01
9.338999999999999773e+02 3.909413723853811806e-01
9.407000000000000455e+02 3.909181181852793285e-01
9.475000000000000000e+02 3.908906987464231264e-01
9.542999999999999545e+02 3.908587221198527861e-01
9.612000000000000455e+02 3.908244134724301322e-01
9.681000000000000227e+02 3.907880565956951546e-01
9.751000000000000227e+02 3.907519534517512327e-01
9.822000000000000455e+02 3.907156660599170328e-01
9.892999999999999545e+02 3.906816686697505148e-01
9.963999999999999773e+02 3.906509468357141635e-01
1.003600000000000023e+03 3.906242577876662958e-01
1.010899999999999977e+03 3.906023402836307779e-01
1.018200000000000045e+03 3.905860705066524496e-01
1.025500000000000000e+03 3.905767545668738516e-01
1.032900000000000091e+03 3.905745815831057621e-01
1.040400000000000091e+03 3.905792919852993372e-01
1.047900000000000091e+03 3.905926538102752477e-01
1.055400000000000091e+03 3.906130658426629210e-01
1.063099999999999909e+03 3.906413227259066256e-01
1.070700000000000045e+03 3.906763793671906293e-01
1.078500000000000000e+03 3.907187079349062619e-01
1.086299999999999955e+03 3.907660093513219413e-01
1.094099999999999909e+03 3.908183342213888412e-01
1.102000000000000000e+03 3.908740793282222126e-01
1.110000000000000000e+03 3.909322757106493129e-01
1.118000000000000000e+03 3.909916038219303225e-01
1.126099999999999909e+03 3.910500300720047839e-01
1.134200000000000045e+03 3.911071029845448188e-01
1.142400000000000091e+03 3.911609567836259460e-01
1.150599999999999909e+03 3.912103450235295821e-01
1.158900000000000091e+03 3.912543500754377956e-01
1.167299999999999955e+03 3.912923322918337443e-01
1.175700000000000045e+03 3.913226905595897920e-01
1.184200000000000045e+03 3.913458390688134836e-01
1.192799999999999955e+03 3.913605891500354095e-01
1.201400000000000091e+03 3.913675208109557713e-01
1.210099999999999909e+03 3.913663137950417203e-01
1.218799999999999955e+03 3.913568295823142140e-01
1.227599999999999909e+03 3.913409485111900565e-01
1.236500000000000000e+03 3.913173739258083983e-01
1.245400000000000091e+03 3.912885331983291248e-01
1.254400000000000091e+03 3.912559758842382163e-01
1.263500000000000000e+03 3.912211963505164980e-01
1.272599999999999909e+03 3.911833021641888952e-01
1.281799999999999955e+03 3.911448795266977418e-01
1.291000000000000000e+03 3.911083688523940283e-01
1.300400000000000091e+03 3.910724531931508707e-01
1.309700000000000045e+03 3.910398154841273621e-01
1.319200000000000045e+03 3.910095924671206369e-01
1.328700000000000045e+03 3.909832071193509728e-01
1.338299999999999955e+03 3.909612063671855653e-01
1.348000000000000000e+03 3.909423116187056291e-01
1.357700000000000045e+03 3.909280042573473057e-01
1.367500000000000000e+03 3.909175039999968626e-01
1.377400000000000091e+03 3.909099954143882560e-01
1.387400000000000091e+03 3.909040588700991581e-01
1.397400000000000091e+03 3.908999732175703623e-01
1.407500000000000000e+03 3.908968649713604471e-01
1.417599999999999909e+03 3.908948998483000592e-01
1.427900000000000091e+03 3.908914745292742521e-01
1.438200000000000045e+03 3.908872355433492540e-01
1.448599999999999909e+03 3.908823072273787114e-01
1.459000000000000000e+03 3.908756770766564359e-01
1.469599999999999909e+03 3.908673676764206628e-01
1.480200000000000045e+03 3.908578538446064177e-01
1.490900000000000091e+03 3.908467712705185337e-01
1.501599999999999909e+03 3.908355596854511949e-01
1.512500000000000000e+03 3.908254750130704114e-01
1.523400000000000091e+03 3.908148901072934778e-01
1.534400000000000091e+03 3.908063990663293574e-01
1.545500000000000000e+03 3.908017099368842895e-01
1.556599999999999909e+03 3.908003585647565337e-01
1.567900000000000091e+03 3.908038603258728316e-01
1.579200000000000045e+03 3.908130327466509679e-01
1.590599999999999909e+03 3.908288774719887448e-01
1.602099999999999909e+03 3.908523381450715317e-01
1.613700000000000045e+03 3.908843298897660690e-01
1.625299999999999955e+03 3.909261343374773046e-01
1.637099999999999909e+03 3.909774247664722369e-01
1.648900000000000091e+03 3.910398712231117346e-01
1.660799999999999955e+03 3.911124784927506592e-01
1.672799999999999955e+03 3.911972698966925122e-01
1.684900000000000091e+03 3.912940752603761840e-01
1.697000000000000000e+03 3.914023882166935420e-01
1.709299999999999955e+03 3.915236776108406147e-01
1.721599999999999909e+03 3.916556330750166071e-01
1.734099999999999909e+03 3.918000887254872167e-01
1.746599999999999909e+03 3.919556638419072758e-01
1.759200000000000045e+03 3.921203099015689864e-01
1.771900000000000091e+03 3.922948646488936819e-01
1.784700000000000045e+03 3.924771150605924630e-01
1.797599999999999909e+03 3.926663560390261098e-01
1.810599999999999909e+03 3.928605658827152292e-01
1.823599999999999909e+03 3.930568096382300314e-01
1.836799999999999955e+03 3.932544239406339237e-01
1.850099999999999909e+03 3.934530170689053419e-01
1.863400000000000091e+03 3.936454615440144189e-01
1.876900000000000091e+03 3.938357215651546173e-01
1.890400000000000091e+03 3.940179872939375549e-01
1.904099999999999909e+03 3.941932308748451463e-01
1.917799999999999955e+03 3.943572736457044980e-01
1.931700000000000045e+03 3.945102243756681282e-01
1.945599999999999909e+03 3.946503672087202097e-01
1.959700000000000045e+03 3.947783511306856563e-01
1.973799999999999955e+03 3.948911165423487080e-01
1.988099999999999909e+03 3.949906085083736418e-01
2.002500000000000000e+03 3.950764105863149300e-01
2.016900000000000091e+03 3.951479765027157698e-01
2.031500000000000000e+03 3.952062428372837277e-01
2.046200000000000045e+03 3.952527929273515483e-01
2.060900000000000091e+03 3.952867340346263303e-01
2.075800000000000182e+03 3.953090462997836396e-01
2.090800000000000182e+03 3.953210225967633273e-01
2.105900000000000091e+03 3.953240676845971024e-01
2.121099999999999909e+03 3.953170056485890704e-01
2.136400000000000091e+03 3.953004391392519468e-01
2.151900000000000091e+03 3.952759219474642483e-01
2.167400000000000091e+03 3.952417980902633854e-01
2.183000000000000000e+03 3.951995459473532923e-01
2.198800000000000182e+03 3.951471080728367058e-01
2.214699999999999818e+03 3.950870291650432908e-01
2.230699999999999818e+03 3.950175953078894353e-01
