# freq eta
3.539999999999999858e+01 2.341332969094987448e-01
3.560000000000000142e+01 1.468672715843510890e-01
3.589999999999999858e+01 2.493183253033924851e-01
3.610000000000000142e+01 2.416663976564522864e-01
3.639999999999999858e+01 2.051013164539581823e-01
3.660000000000000142e+01 2.133791889923563889e-01
3.689999999999999858e+01 1.961246337943090834e-01
3.720000000000000284e+01 1.861104935127999294e-01
3.739999999999999858e+01 2.188138336707240728e-01
3.770000000000000284e+01 1.716027451188115449e-01
3.800000000000000000e+01 1.944515453569848062e-01
3.829999999999999716e+01 2.340844959617294219e-01
3.850000000000000000e+01 2.522363977683592662e-01
3.879999999999999716e+01 1.378669338406919298e-01
3.910000000000000142e+01 2.164024989097555474e-01
3.939999999999999858e+01 1.847113728009390499e-01
3.970000000000000284e+01 1.467936177420099964e-01
4.000000000000000000e+01 1.685191279068547487e-01
4.020000000000000284e+01 1.893565020007199062e-01
4.050000000000000000e+01 2.033165425163541429e-01
4.079999999999999716e+01 2.450056577851537909e-01
4.110000000000000142e+01 2.073717496214173284e-01
4.139999999999999858e+01 2.230150767757051178e-01
4.170000000000000284e+01 2.354432484462762043e-01
4.200000000000000000e+01 2.729157748778694992e-01
4.229999999999999716e+01 2.172518484193320942e-01
4.260000000000000142e+01 1.531444139140498983e-01
4.289999999999999858e+01 1.899875699627925074e-01
4.320000000000000284e+01 2.084128388055830616e-01
4.360000000000000142e+01 2.122747873739852797e-01
4.389999999999999858e+01 1.847024290070832520e-01
4.420000000000000284e+01 1.696810277370482400e-01
4.450000000000000000e+01 1.920881347301673925e-01
4.479999999999999716e+01 1.322625170701930142e-01
4.520000000000000284e+01 2.381035392901849901e-01
4.550000000000000000e+01 2.206416658210835213e-01
4.579999999999999716e+01 1.958693619947889653e-01
4.610000000000000142e+01 1.663861532729403458e-01
4.650000000000000000e+01 1.292765542832576553e-01
4.679999999999999716e+01 1.631144365089765291e-01
4.710000000000000142e+01 2.111319116674963414e-01
4.750000000000000000e+01 2.431803927365626394e-01
4.779999999999999716e+01 2.590591586153466741e-01
4.820000000000000284e+01 2.032110771275026651e-01
4.850000000000000000e+01 1.798152074259524447e-01
4.889999999999999858e+01 1.751605834574278264e-01
4.920000000000000284e+01 1.378801486578203894e-01
4.960000000000000142e+01 1.240192618761396248e-01
4.989999999999999858e+01 2.340496707914226371e-01
5.029999999999999716e+01 1.858312240091724021e-01
5.070000000000000284e+01 1.646783286944599467e-01
5.100000000000000000e+01 2.099004045633324211e-01
5.139999999999999858e+01 2.426679769835043965e-01
5.179999999999999716e+01 2.084455043045723155e-01
5.210000000000000142e+01 1.995789472170894086e-01
5.250000000000000000e+01 2.269965735615264990e-01
5.289999999999999858e+01 2.511463967604253833e-01
5.329999999999999716e+01 1.859962986478865266e-01
5.370000000000000284e+01 2.177187949682853341e-01
5.410000000000000142e+01 2.407599291980073997e-01
5.439999999999999858e+01 2.247874642026086722e-01
5.479999999999999716e+01 2.681886407210172241e-01
5.520000000000000284e+01 1.779008380352712082e-01
5.560000000000000142e+01 1.455981251641969287e-01
5.600000000000000000e+01 1.660546584111647073e-01
5.639999999999999858e+01 1.608051325595496739e-01
5.679999999999999716e+01 2.116030876499051250e-01
5.729999999999999716e+01 1.602422554801992416e-01
5.770000000000000284e+01 1.731298733316956884e-01
5.810000000000000142e+01 2.730538032900968748e-01
5.850000000000000000e+01 2.043208970773296718e-01
5.889999999999999858e+01 2.169079567823925525e-01
5.939999999999999858e+01 1.823409256347534591e-01
5.979999999999999716e+01 2.149951946841330008e-01
6.020000000000000284e+01 1.570166985344054189e-01
6.060000000000000142e+01 2.204929506930906613e-01
6.110000000000000142e+01 2.463925477058383218e-01
6.150000000000000000e+01 2.568097920675266321e-01
6.200000000000000000e+01 2.160160060314452735e-01
6.239999999999999858e+01 2.073975162177114084e-01
6.289999999999999858e+01 2.964751472156305079e-01
6.329999999999999716e+01 1.852429245218840392e-01
6.379999999999999716e+01 2.162453722082948449e-01
6.420000000000000284e+01 2.333419784446296719e-01
6.470000000000000284e+01 1.952790057784979383e-01
6.520000000000000284e+01 1.800572919725443588e-01
6.559999999999999432e+01 2.167027212278496151e-01
6.609999999999999432e+01 2.229240104359246077e-01
6.659999999999999432e+01 2.156526014042955408e-01
6.709999999999999432e+01 2.152333276630517267e-01
6.759999999999999432e+01 1.943105005577285826e-01
6.800000000000000000e+01 1.946981909111498710e-01
6.850000000000000000e+01 1.757632922982876600e-01
6.900000000000000000e+01 2.359303375925244362e-01
6.950000000000000000e+01 1.672858743154001238e-01
7.000000000000000000e+01 2.496576478967773849e-01
7.050000000000000000e+01 1.649179899551655448e-01
7.100000000000000000e+01 2.394493115271771888e-01
7.159999999999999432e+01 1.582670087376499279e-01
7.209999999999999432e+01 2.118604492604695966e-01
7.259999999999999432e+01 1.826995759328215452e-01
7.309999999999999432e+01 2.095950799648193252e-01
7.370000000000000284e+01 2.444394269506506567e-01
7.420000000000000284e+01 1.617577235730437435e-01
7.470000000000000284e+01 2.385894756737574895e-01
7.529999999999999716e+01 1.663564227338700796e-01
7.579999999999999716e+01 1.265327268396343463e-01
7.640000000000000568e+01 1.435713809891202564e-01
7.690000000000000568e+01 1.635790725803302481e-01
7.750000000000000000e+01 1.636504283350589117e-01
7.800000000000000000e+01 1.496539931890453756e-01
7.859999999999999432e+01 1.934256228450288717e-01
7.909999999999999432e+01 1.980113851860570984e-01
7.970000000000000284e+01 2.950560837592487995e-01
8.029999999999999716e+01 1.639956589699965439e-01
8.090000000000000568e+01 1.530244639041510868e-01
8.150000000000000000e+01 1.895224715133158877e-01
8.200000000000000000e+01 1.502265610054782374e-01
8.259999999999999432e+01 1.515152325564503022e-01
8.320000000000000284e+01 1.767753458722582105e-01
8.379999999999999716e+01 2.450877826537787019e-01
8.440000000000000568e+01 2.303477431302517198e-01
8.509999999999999432e+01 2.413407102276234895e-01
8.570000000000000284e+01 2.490231950421158413e-01
8.629999999999999716e+01 2.224137291204989486e-01
8.690000000000000568e+01 2.004312555941034912e-01
8.750000000000000000e+01 2.230824190821967534e-01
8.820000000000000284e+01 2.074299481753778540e-01
8.879999999999999716e+01 2.052871347759600007e-01
8.940000000000000568e+01 1.897856929617141031e-01
9.009999999999999432e+01 2.241672136665430193e-01
9.070000000000000284e+01 2.295874495651901714e-01
9.140000000000000568e+01 1.843588968512309967e-01
9.209999999999999432e+01 1.808203489308552459e-01
9.270000000000000284e+01 1.682952587887418805e-01
9.340000000000000568e+01 2.218131019768944390e-01
9.409999999999999432e+01 1.756742505719600389e-01
9.470000000000000284e+01 1.468669119514552091e-01
9.540000000000000568e+01 2.148822927002933258e-01
9.609999999999999432e+01 2.370508488604024522e-01
9.679999999999999716e+01 2.063627494184605560e-01
9.750000000000000000e+01 1.875281180412458060e-01
9.820000000000000284e+01 1.895152225393411660e-01
9.890000000000000568e+01 2.092947478475956635e-01
9.959999999999999432e+01 1.960318483431737480e-01
1.004000000000000057e+02 1.789062535230943884e-01
1.010999999999999943e+02 2.043839521570632034e-01
1.017999999999999972e+02 1.757879177065548582e-01
1.025999999999999943e+02 1.744745638591739256e-01
1.032999999999999972e+02 1.549406718875628031e-01
1.040000000000000000e+02 2.441225974797034681e-01
1.047999999999999972e+02 2.084794623473383290e-01
1.055000000000000000e+02 2.185543375168139957e-01
1.062999999999999972e+02 2.121276029414445041e-01
1.070999999999999943e+02 2.163902010252819752e-01
1.077999999999999972e+02 2.008460171488175017e-01
1.085999999999999943e+02 1.993292051437185464e-01
1.094000000000000057e+02 2.017795092124092249e-01
1.102000000000000028e+02 1.831859290376649241e-01
1.110000000000000000e+02 1.961388165520643878e-01
1.117999999999999972e+02 1.754919194935943560e-01
1.125999999999999943e+02 1.945038082468780460e-01
1.134000000000000057e+02 1.893457343113494895e-01
1.142000000000000028e+02 1.877265447115461505e-01
1.150999999999999943e+02 1.720275566445226278e-01
1.159000000000000057e+02 1.925047950024408594e-01
1.167000000000000028e+02 1.691622408406821820e-01
1.175999999999999943e+02 2.315307865480913108e-01
1.184000000000000057e+02 2.017108643051310490e-01
1.192999999999999972e+02 2.196645809733771548e-01
1.200999999999999943e+02 2.033972172244605525e-01
1.210000000000000000e+02 1.958604639708795836e-01
1.219000000000000057e+02 2.293406208914064159e-01
1.227999999999999972e+02 2.415218186824678315e-01
1.235999999999999943e+02 2.213609241038149433e-01
1.245000000000000000e+02 1.978056187824068779e-01
1.254000000000000057e+02 2.007332869724662572e-01
1.262999999999999972e+02 2.071277780540219104e-01
1.272999999999999972e+02 2.266080963911012436e-01
1.281999999999999886e+02 1.962897084990150864e-01
1.290999999999999943e+02 2.212537268922109834e-01
1.300000000000000000e+02 1.678597221257771277e-01
1.310000000000000000e+02 1.699809617785169313e-01
1.319000000000000057e+02 1.723736790440897892e-01
1.329000000000000057e+02 2.111984475275673345e-01
1.338000000000000114e+02 1.977491369458238002e-01
1.348000000000000114e+02 2.138049168620948515e-01
1.358000000000000114e+02 1.825656718318917904e-01
1.368000000000000114e+02 2.050177859735559938e-01
1.376999999999999886e+02 1.707045377609109071e-01
1.386999999999999886e+02 2.132905465424202729e-01
1.396999999999999886e+02 2.243354766893207730e-01
1.406999999999999886e+02 2.382992026313103529e-01
1.418000000000000114e+02 1.923292512765009676e-01
1.428000000000000114e+02 1.996956508290538279e-01
1.438000000000000114e+02 1.926069844348093085e-01
1.449000000000000057e+02 1.937165293206881411e-01
1.459000000000000057e+02 1.942829052875706397e-01
1.470000000000000000e+02 2.260996839382311274e-01
1.480000000000000000e+02 2.097419572446507785e-01
1.490999999999999943e+02 2.095293018814163577e-01
1.501999999999999886e+02 2.111191828319352037e-01
1.511999999999999886e+02 2.063803513089416952e-01
1.523000000000000114e+02 1.967337696497353794e-01
1.534000000000000057e+02 1.927301907186239061e-01
1.545000000000000000e+02 1.710315555833930579e-01
1.556999999999999886e+02 2.136812556225695936e-01
1.568000000000000114e+02 1.760063905729231937e-01
1.579000000000000057e+02 2.195211647670257116e-01
1.590999999999999943e+02 2.002562562955540748e-01
1.601999999999999886e+02 1.830693595933936269e-01
1.614000000000000057e+02 2.210516707509006806e-01
1.625000000000000000e+02 2.230344996691591697e-01
1.636999999999999886e+02 1.972646856152772132e-01
1.649000000000000057e+02 1.914103938961796703e-01
1.660999999999999943e+02 2.204457631625336145e-01
1.673000000000000114e+02 1.750814547715513758e-01
1.685000000000000000e+02 2.027293890527209763e-01
1.696999999999999886e+02 2.007870363207296671e-01
1.709000000000000057e+02 1.962526547556108503e-01
1.721999999999999886e+02 2.212660594517429358e-01
1.734000000000000057e+02 2.140783093608813747e-01
1.746999999999999886e+02 1.988684986289673828e-01
1.759000000000000057e+02 2.223203883827545579e-01
1.771999999999999886e+02 2.176918915319572267e-01
1.785000000000000000e+02 1.974229862905531041e-01
1.798000000000000114e+02 1.860977782239226219e-01
1.810999999999999943e+02 2.085997794550120410e-01
1.824000000000000057e+02 1.832171680146188752e-01
1.836999999999999886e+02 2.077228888520516181e-01
1.850000000000000000e+02 2.017140329241364494e-01
1.863000000000000114e+02 2.018365779414768024e-01
1.876999999999999886e+02 1.999489050851525063e-01
1.890000000000000000e+02 2.419502302807958194e-01
1.904000000000000057e+02 2.011760235843780831e-01
1.918000000000000114e+02 1.884089001105437589e-01
1.931999999999999886e+02 1.988489497488102331e-01
1.945999999999999943e+02 2.095732444167175690e-01
1.960000000000000000e+02 1.806413847986487742e-01
1.974000000000000057e+02 1.979524676768793789e-01
1.988000000000000114e+02 1.910600241796682752e-01
2.001999999999999886e+02 1.851648132074615594e-01
2.016999999999999886e+02 2.158136209864531807e-01
2.030999999999999943e+02 2.027156941399566314e-01
2.045999999999999943e+02 1.897389584625487624e-01
2.060999999999999943e+02 2.041513187885000691e-01
2.075999999999999943e+02 2.057917961910717408e-01
2.090999999999999943e+02 2.140545961763954119e-01
2.105999999999999943e+02 1.830941035814536155e-01
2.120999999999999943e+02 1.988074447977124237e-01
2.135999999999999943e+02 1.959402724591220724e-01
2.151999999999999886e+02 1.875931229341624984e-01
2.166999999999999886e+02 2.224549790586528020e-01
2.183000000000000114e+02 1.895484593326426936e-01
2.199000000000000057e+02 1.819284778362431909e-01
2.215000000000000000e+02 2.015725939164184632e-01
2.230999999999999943e+02 1.995497988945390822e-01
2.246999999999999886e+02 2.112609388940031863e-01
2.263000000000000114e+02 1.989588259218285360e-01
2.279000000000000057e+02 2.153117090824061552e-01
2.295999999999999943e+02 2.218478839745305908e-01
2.311999999999999886e+02 2.131366613253767583e-01
2.329000000000000057e+02 2.278361757786732944e-01
2.345999999999999943e+02 1.998731142696858198e-01
2.363000000000000114e+02 1.913565929582740910e-01
2.380000000000000000e+02 1.884574127813655187e-01
2.396999999999999886e+02 1.813193728790664927e-01
2.414000000000000057e+02 2.031061612944260741e-01
2.431999999999999886e+02 1.857267951515335913e-01
2.449000000000000057e+02 2.159117872261653304e-01
2.466999999999999886e+02 1.852002403394111263e-01
2.485000000000000000e+02 2.254627843763045703e-01
2.503000000000000114e+02 1.954718892057460411e-01
2.520999999999999943e+02 2.065119180669409416e-01
2.539000000000000057e+02 1.977136358547738337e-01
2.556999999999999886e+02 1.941334877550049409e-01
2.576000000000000227e+02 1.935599191263016605e-01
2.595000000000000000e+02 1.817864544451700537e-01
2.613000000000000114e+02 2.109931379638687599e-01
2.631999999999999886e+02 2.042797913589691483e-01
2.651000000000000227e+02 2.054483289495402376e-01
2.670000000000000000e+02 2.076015205521138385e-01
2.690000000000000000e+02 1.899042194636532399e-01
2.708999999999999773e+02 1.998421045706583465e-01
2.728999999999999773e+02 2.156163622420108061e-01
2.748000000000000114e+02 2.034752671930190604e-01
2.768000000000000114e+02 2.074131196884844430e-01
2.788000000000000114e+02 2.006777258309773160e-01
2.808000000000000114e+02 2.156656189103336174e-01
2.828999999999999773e+02 1.994888303950095587e-01
2.848999999999999773e+02 1.802676330566499174e-01
2.870000000000000000e+02 2.055747984060104505e-01
2.890000000000000000e+02 2.059833083128945752e-01
2.911000000000000227e+02 2.025875256201305763e-01
2.931999999999999886e+02 2.229383108319751006e-01
2.953000000000000114e+02 2.201818919981035072e-01
2.975000000000000000e+02 2.118431114804407156e-01
2.996000000000000227e+02 1.947942541862854593e-01
3.018000000000000114e+02 2.184375949308587639e-01
3.040000000000000000e+02 2.029647719864259570e-01
3.061999999999999886e+02 2.120891819400591294e-01
3.083999999999999773e+02 1.917644846602015174e-01
3.106000000000000227e+02 2.007049553048553536e-01
3.128000000000000114e+02 2.034464332479007376e-01
3.151000000000000227e+02 1.978600111199148026e-01
3.173999999999999773e+02 1.971040606858465161e-01
3.196999999999999886e+02 1.789071165049013479e-01
3.220000000000000000e+02 1.928038326237932198e-01
3.243000000000000114e+02 2.062709504608862543e-01
3.266000000000000227e+02 2.056038916063438193e-01
3.290000000000000000e+02 2.048845365719130229e-01
3.313999999999999773e+02 2.063632240330445233e-01
3.338000000000000114e+02 2.031510221088531354e-01
3.361999999999999886e+02 1.989944696702004578e-01
3.386000000000000227e+02 1.925811333771103306e-01
3.410000000000000000e+02 1.992949286892136962e-01
3.435000000000000000e+02 1.829926080344651262e-01
3.460000000000000000e+02 2.134399854356708592e-01
3.485000000000000000e+02 1.855901520149402795e-01
3.510000000000000000e+02 1.794131955599039263e-01
3.535000000000000000e+02 2.064778882169073793e-01
3.561000000000000227e+02 1.896049945994785213e-01
3.586999999999999886e+02 2.099196648869762205e-01
3.613000000000000114e+02 2.145959085774905850e-01
3.638999999999999773e+02 1.900970174723615180e-01
3.665000000000000000e+02 2.030826207842783282e-01
3.691000000000000227e+02 2.189081015133047814e-01
3.718000000000000114e+02 2.007317383796242971e-01
3.745000000000000000e+02 1.970057328162811983e-01
3.771999999999999886e+02 2.032943490655360896e-01
3.798999999999999773e+02 1.904609540801707190e-01
3.826999999999999886e+02 2.036779829763707139e-01
3.853999999999999773e+02 2.085663986016782767e-01
3.881999999999999886e+02 1.989981137599691474e-01
3.910000000000000000e+02 2.031107283259372953e-01
3.938000000000000114e+02 2.104885333348347765e-01
3.966999999999999886e+02 2.088554897704456015e-01
3.995000000000000000e+02 2.024927972762146644e-01
4.023999999999999773e+02 2.152247130172618705e-01
4.053000000000000114e+02 2.108520969482015339e-01
4.083000000000000114e+02 2.012789240983750283e-01
4.111999999999999886e+02 1.991044545997968374e-01
4.141999999999999886e+02 2.072740620351921637e-01
4.171999999999999886e+02 2.131242603759869181e-01
4.201999999999999886e+02 2.043444880695335919e-01
4.231999999999999886e+02 1.933493367819151820e-01
4.263000000000000114e+02 2.124354205691625364e-01
4.293999999999999773e+02 2.089137763111362789e-01
4.325000000000000000e+02 1.874782375744553642e-01
4.356000000000000227e+02 1.831030824460634365e-01
4.386999999999999886e+02 1.992759680501046404e-01
4.418999999999999773e+02 1.739675552751764331e-01
4.451000000000000227e+02 1.968173202125830523e-01
4.483000000000000114e+02 2.007568663295636047e-01
4.515000000000000000e+02 1.900508595110488863e-01
4.548000000000000114e+02 1.841775169840914050e-01
4.581000000000000227e+02 1.993795657915657660e-01
4.613999999999999773e+02 1.949320480842971492e-01
4.646999999999999886e+02 1.988008179833954114e-01
4.681000000000000227e+02 1.866592765626874373e-01
4.715000000000000000e+02 2.035852161205295996e-01
4.748999999999999773e+02 1.861226755963089341e-01
4.783000000000000114e+02 1.960019296053504834e-01
4.816999999999999886e+02 1.949367494225625608e-01
4.851999999999999886e+02 1.914349534710728662e-01
4.886999999999999886e+02 2.090644620962560374e-01
4.923000000000000114e+02 1.986797890310334214e-01
4.958000000000000114e+02 1.891937059374661501e-01
4.993999999999999773e+02 1.982092557809288502e-01
5.030000000000000000e+02 1.920769642304744340e-01
5.066000000000000227e+02 1.958004333390946372e-01
5.103000000000000114e+02 2.066826488958048436e-01
5.140000000000000000e+02 2.083864917558539420e-01
5.177000000000000455e+02 1.801985741939246266e-01
5.213999999999999773e+02 1.820555779337034441e-01
5.252000000000000455e+02 2.220625429975995047e-01
5.290000000000000000e+02 2.022346195292467619e-01
5.327999999999999545e+02 2.113812010305514966e-01
5.366000000000000227e+02 2.017135234828887624e-01
5.405000000000000000e+02 2.078566575555833018e-01
5.443999999999999773e+02 2.154652118715202069e-01
5.483999999999999773e+02 2.040819825542400934e-01
5.522999999999999545e+02 1.987956771921757793e-01
5.562999999999999545e+02 1.925193357442808451e-01
5.602999999999999545e+02 1.949842087448486194e-01
5.643999999999999773e+02 2.065773062500186608e-01
5.683999999999999773e+02 2.059252844514240788e-01
5.725000000000000000e+02 1.910002593887300815e-01
5.767000000000000455e+02 2.020213175873430966e-01
5.807999999999999545e+02 2.010479246723968494e-01
5.850000000000000000e+02 2.053540496063928633e-01
5.892999999999999545e+02 1.913040013040076537e-01
5.935000000000000000e+02 2.040708642587466537e-01
5.977999999999999545e+02 2.040838187539732729e-01
6.021000000000000227e+02 2.205924363673735233e-01
6.065000000000000000e+02 1.816908020913490518e-01
6.108999999999999773e+02 2.048902083886801340e-01
6.152999999999999545e+02 1.938640120551874957e-01
6.197000000000000455e+02 2.041608904150825632e-01
6.242000000000000455e+02 2.014356597763178325e-01
6.287000000000000455e+02 1.963846157082410893e-01
6.332000000000000455e+02 1.854473435187802277e-01
6.377999999999999545e+02 2.081195950020658103e-01
6.423999999999999773e+02 2.094150925192913848e-01
6.470000000000000000e+02 2.151332783655336423e-01
6.517000000000000455e+02 1.923491857682140538e-01
6.563999999999999773e+02 2.013881991751617362e-01
6.612000000000000455e+02 2.171145238121486853e-01
6.658999999999999773e+02 1.977637693287025988e-01
6.707999999999999545e+02 2.024726066129997337e-01
6.756000000000000227e+02 1.918125080066399868e-01
6.805000000000000000e+02 2.009735786813208192e-01
6.853999999999999773e+02 1.987356600461509526e-01
6.902999999999999545e+02 1.906296301978553653e-01
6.952999999999999545e+02 2.000640910080490331e-01
7.002999999999999545e+02 2.129913257759613598e-01
7.053999999999999773e+02 2.036790862224082954e-01
7.105000000000000000e+02 1.975242644240009782e-01
7.156000000000000227e+02 1.988152674228453043e-01
7.207999999999999545e+02 1.995888597279034116e-01
7.260000000000000000e+02 1.979878643305741093e-01
7.312000000000000455e+02 1.926642432287485052e-01
7.365000000000000000e+02 2.010952208375958727e-01
7.417999999999999545e+02 1.894170282291172680e-01
7.472000000000000455e+02 1.936420609695179984e-01
7.526000000000000227e+02 2.040741165893492637e-01
7.580000000000000000e+02 2.115778726850275626e-01
7.635000000000000000e+02 2.070435973089402582e-01
7.690000000000000000e+02 1.916316567792035463e-01
7.746000000000000227e+02 1.986233033743383114e-01
7.802000000000000455e+02 2.027746151894005699e-01
7.857999999999999545e+02 1.890724356526453098e-01
7.915000000000000000e+02 1.951922503206006965e-01
7.972000000000000455e+02 1.956616551479587740e-01
8.028999999999999773e+02 1.907327944009745979e-01
8.087000000000000455e+02 1.938200927853998279e-01
8.146000000000000227e+02 2.023638398590505427e-01
8.205000000000000000e+02 1.975332483914946091e-01
8.263999999999999773e+02 1.915207711733717677e-01
8.323999999999999773e+02 2.017134410831799840e-01
8.383999999999999773e+02 2.077339777294810175e-01
8.443999999999999773e+02 2.106014670468051020e-01
8.505000000000000000e+02 1.894009826492154547e-01
8.567000000000000455e+02 1.936693793903801197e-01
8.628999999999999773e+02 2.063826408592719930e-01
8.691000000000000227e+02 2.014426309049948127e-01
8.753999999999999773e+02 2.075381580230503953e-01
8.817000000000000455e+02 1.951408559744257087e-01
8.881000000000000227e+02 2.036929178379597860e-01
8.945000000000000000e+02 1.956005633174357217e-01
9.008999999999999773e+02 1.972581100561668077e-01
9.073999999999999773e+02 1.996712329460951230e-01
9.140000000000000000e+02 2.169469554994164218e-01
9.206000000000000227e+02 2.101751215722953703e-01
9.272000000000000455e+02 1.937983423967016838e-01
9.338999999999999773e+02 2.005324746454202056e-01
9.407000000000000455e+02 1.923504817446435589e-01
9.475000000000000000e+02 2.024235830108006284e-01
9.542999999999999545e+02 1.869770131383327871e-01
9.612000000000000455e+02 1.930188051468013088e-01
9.681000000000000227e+02 1.967949925423473356e-01
9.751000000000000227e+02 1.997291933282246135e-01
9.822000000000000455e+02 2.069441123095220048e-01
9.892999999999999545e+02 2.015833445686228409e-01
9.963999999999999773e+02 2.075199508497269640e-01
1.003600000000000023e+03 1.919849855422452456e-01
1.010899999999999977e+03 1.989709561654349201e-01
1.018200000000000045e+03 1.997898413279356467e-01
1.025500000000000000e+03 1.985612837233297900e-01
1.032900000000000091e+03 1.961699411889327171e-01
1.040400000000000091e+03 2.083577459041928981e-01
1.047900000000000091e+03 1.992193581704499450e-01
1.055400000000000091e+03 1.845404567532163975e-01
1.063099999999999909e+03 1.926978034212047663e-01
1.070700000000000045e+03 2.048691280125108649e-01
1.078500000000000000e+03 2.084638225915933785e-01
1.086299999999999955e+03 2.035171829066612093e-01
1.094099999999999909e+03 1.865831749518460370e-01
1.102000000000000000e+03 1.944262696142928237e-01
1.110000000000000000e+03 2.029954647154539049e-01
1.118000000000000000e+03 2.025822055167610103e-01
1.126099999999999909e+03 2.051079911627918806e-01
1.134200000000000045e+03 1.880633593250071178e-01
1.142400000000000091e+03 2.030466162096248028e-01
1.150599999999999909e+03 2.031680375572156860e-01
1.158900000000000091e+03 2.024464347125250752e-01
1.167299999999999955e+03 1.943493973143511910e-01
1.175700000000000045e+03 2.010539701795354683e-01
1.184200000000000045e+03 1.986848866900013943e-01
1.192799999999999955e+03 2.028179317333821396e-01
1.201400000000000091e+03 2.176293160672241322e-01
1.210099999999999909e+03 2.000848724156290281e-01
1.218799999999999955e+03 2.043577881118405770e-01
1.227599999999999909e+03 2.085715908256628726e-01
1.236500000000000000e+03 2.017800141427039395e-01
1.245400000000000091e+03 2.039941729332125364e-01
1.254400000000000091e+03 2.015609253239442622e-01
1.263500000000000000e+03 2.036042956038025820e-01
1.272599999999999909e+03 1.980908157046398499e-01
1.281799999999999955e+03 1.986474875857771882e-01
1.291000000000000000e+03 2.008653965703482980e-01
1.300400000000000091e+03 1.969298350274892306e-01
1.309700000000000045e+03 2.003486083446544552e-01
1.319200000000000045e+03 2.092812372671039589e-01
1.328700000000000045e+03 2.013159638285588471e-01
1.338299999999999955e+03 2.010862466743860155e-01
1.348000000000000000e+03 2.001253771307560936e-01
1.357700000000000045e+03 2.011990981701433090e-01
1.367500000000000000e+03 1.925048600061194104e-01
1.377400000000000091e+03 1.946576108789508375e-01
1.387400000000000091e+03 1.952894834831842286e-01
1.397400000000000091e+03 2.039157648893393515e-01
1.407500000000000000e+03 2.002375674302242781e-01
1.417599999999999909e+03 1.923485645650265252e-01
1.427900000000000091e+03 2.031624836584360050e-01
1.438200000000000045e+03 2.053460833675803399e-01
1.448599999999999909e+03 2.109538440146752070e-01
1.459000000000000000e+03 1.986645452251281641e-01
1.469599999999999909e+03 2.114215171823367878e-01
1.480200000000000045e+03 1.950282103078525564e-01
1.490900000000000091e+03 1.909887835990814464e-01
1.501599999999999909e+03 1.904196973369014501e-01
1.512500000000000000e+03 1.920990498098880672e-01
1.523400000000000091e+03 1.953073683127581617e-01
1.534400000000000091e+03 1.956872310248923830e-01
1.545500000000000000e+03 2.084411395552344393e-01
1.556599999999999909e+03 2.054593550090816900e-01
1.567900000000000091e+03 2.064472741393775235e-01
1.579200000000000045e+03 2.103488394357778402e-01
1.590599999999999909e+03 2.029385670990661861e-01
1.602099999999999909e+03 1.942608060198482423e-01
1.613700000000000045e+03 1.973317316895775164e-01
1.625299999999999955e+03 2.047468313104400250e-01
1.637099999999999909e+03 1.916777140518474976e-01
1.648900000000000091e+03 2.117042056878545020e-01
1.660799999999999955e+03 2.022183366188154974e-01
1.672799999999999955e+03 1.995773435551606023e-01
1.684900000000000091e+03 2.038388411301680636e-01
1.697000000000000000e+03 2.040697902348114212e-01
1.709299999999999955e+03 1.935904161468944840e-01
1.721599999999999909e+03 1.991345811587971470e-01
1.734099999999999909e+03 2.008246468951829511e-01
1.746599999999999909e+03 2.002594176216814237e-01
1.759200000000000045e+03 1.963853402429552863e-01
1.771900000000000091e+03 2.022598281683912202e-01
1.784700000000000045e+03 1.950503727379206687e-01
1.797599999999999909e+03 2.005521675206273502e-01
1.810599999999999909e+03 2.034661429794502596e-01
1.823599999999999909e+03 2.005722272858841415e-01
1.836799999999999955e+03 2.069484987312840973e-01
1.850099999999999909e+03 1.892250342865269275e-01
1.863400000000000091e+03 2.047378066312047773e-01
1.876900000000000091e+03 2.033031360908314211e-01
1.890400000000000091e+03 1.956902181260356255e-01
1.904099999999999909e+03 2.107737186314063427e-01
1.917799999999999955e+03 1.993338641621768825e-01
1.931700000000000045e+03 2.047811455861411056e-01
1.945599999999999909e+03 1.948040331535073610e-01
1.959700000000000045e+03 2.020717632257379992e-01
1.973799999999999955e+03 2.085234319304026251e-01
1.988099999999999909e+03 1.932719459914310212e-01
2.002500000000000000e+03 1.969226882994102867e-01
2.016900000000000091e+03 2.010117691550795949e-01
2.031500000000000000e+03 1.994544288891119954e-01
2.046200000000000045e+03 1.951169558742849308e-01
2.060900000000000091e+03 1.931578655738266093e-01
2.075800000000000182e+03 1.974107110636077189e-01
2.090800000000000182e+03 1.983453132150548581e-01
2.105900000000000091e+03 2.052999281711642698e-01
2.121099999999999909e+03 1.992492786109998359e-01
2.136400000000000091e+03 2.067000668990346679e-01
2.151900000000000091e+03 2.034772536036584811e-01
2.167400000000000091e+03 1.946682794941395622e-01
2.183000000000000000e+03 2.032268865298643423e-01
2.198800000000000182e+03 2.026271535072409757e-01
2.214699999999999818e+03 2.014203560427867412e-01
2.230699999999999818e+03 2.060760932299281201e-01
