# freq eta
3.539999999999999858e+01 8.134350051346582455e-02
3.560000000000000142e+01 8.143158403509627441e-02
3.589999999999999858e+01 8.876556399720454682e-02
3.610000000000000142e+01 8.879023261118423882e-02
3.639999999999999858e+01 8.883769222006673849e-02
3.660000000000000142e+01 8.887752445571345250e-02
3.689999999999999858e+01 8.894827501032932793e-02
3.720000000000000284e+01 8.903519810561889847e-02
3.739999999999999858e+01 9.598014420585146422e-02
3.770000000000000284e+01 9.595010173273325893e-02
3.800000000000000000e+01 9.593166307375643187e-02
3.829999999999999716e+01 9.592483732044237987e-02
3.850000000000000000e+01 9.592555466386749885e-02
3.879999999999999716e+01 9.593279293182441214e-02
3.910000000000000142e+01 9.594654045700305722e-02
3.939999999999999858e+01 9.596717656681857944e-02
3.970000000000000284e+01 9.599310697744449505e-02
4.000000000000000000e+01 9.602523314579132496e-02
4.020000000000000284e+01 9.605124447929951070e-02
4.050000000000000000e+01 1.000411296562755820e-01
4.079999999999999716e+01 9.998072777681682455e-02
4.110000000000000142e+01 9.982441474402085901e-02
4.139999999999999858e+01 9.977883620427310807e-02
4.170000000000000284e+01 9.973895005304783679e-02
4.200000000000000000e+01 9.970425693104276177e-02
4.229999999999999716e+01 9.967334204983036017e-02
4.260000000000000142e+01 9.964541009745489508e-02
4.289999999999999858e+01 9.961963694672451575e-02
4.320000000000000284e+01 9.959584420579664643e-02
4.360000000000000142e+01 9.956609642567788854e-02
4.389999999999999858e+01 9.954607938186091354e-02
4.420000000000000284e+01 9.952925134311685351e-02
4.450000000000000000e+01 9.951365725393122863e-02
4.479999999999999716e+01 9.950131712348120328e-02
4.520000000000000284e+01 9.949042062023942534e-02
4.550000000000000000e+01 9.948680477826933599e-02
4.579999999999999716e+01 9.938393683601176587e-02
4.610000000000000142e+01 9.938083759512630899e-02
4.650000000000000000e+01 9.937949378463151184e-02
4.679999999999999716e+01 9.937805975400063052e-02
4.710000000000000142e+01 9.937832023496732947e-02
4.750000000000000000e+01 9.937691191347941544e-02
4.779999999999999716e+01 9.937473405836247387e-02
4.820000000000000284e+01 9.937186901639424863e-02
4.850000000000000000e+01 9.936782323440201958e-02
4.889999999999999858e+01 9.936199910038735761e-02
4.920000000000000284e+01 9.935620809505688045e-02
4.960000000000000142e+01 9.934784115235724411e-02
4.989999999999999858e+01 9.934278155312745162e-02
5.029999999999999716e+01 9.933344867060633909e-02
5.070000000000000284e+01 9.932718893111658343e-02
5.100000000000000000e+01 9.932271831467920364e-02
5.139999999999999858e+01 9.931989650339195785e-02
5.179999999999999716e+01 9.931936230166057977e-02
5.210000000000000142e+01 9.920868423260108260e-02
5.250000000000000000e+01 9.919852860926124671e-02
5.289999999999999858e+01 9.918900986596120017e-02
5.329999999999999716e+01 9.917772851644908461e-02
5.370000000000000284e+01 9.916570850075516474e-02
5.410000000000000142e+01 9.915167420521671382e-02
5.439999999999999858e+01 9.913830403820614312e-02
5.479999999999999716e+01 9.912053373605365925e-02
5.520000000000000284e+01 9.910127126326596925e-02
5.560000000000000142e+01 9.908087839646546879e-02
5.600000000000000000e+01 9.905765019546594607e-02
5.639999999999999858e+01 9.903259812836912035e-02
5.679999999999999716e+01 9.900648354547950114e-02
5.729999999999999716e+01 9.897356337445914476e-02
5.770000000000000284e+01 9.894838170989068982e-02
5.810000000000000142e+01 9.892502344662995606e-02
5.850000000000000000e+01 9.890202934804828705e-02
5.889999999999999858e+01 9.888400415735412730e-02
5.939999999999999858e+01 9.886778180900952784e-02
5.979999999999999716e+01 9.886314062739159914e-02
6.020000000000000284e+01 9.886717548735238226e-02
6.060000000000000142e+01 9.888047691310963838e-02
6.110000000000000142e+01 9.891828252325070292e-02
6.150000000000000000e+01 9.896395962097712107e-02
6.200000000000000000e+01 9.904993046242782651e-02
6.239999999999999858e+01 9.914392006911311450e-02
6.289999999999999858e+01 1.020776769767811898e-01
6.329999999999999716e+01 1.079184585874291141e-01
6.379999999999999716e+01 1.007615423035057300e-01
6.420000000000000284e+01 9.924979102307761314e-02
6.470000000000000284e+01 9.910691066595721244e-02
6.520000000000000284e+01 9.899347946056116787e-02
6.559999999999999432e+01 9.892287845480957076e-02
6.609999999999999432e+01 9.885965042522579238e-02
6.659999999999999432e+01 9.881629887136297863e-02
6.709999999999999432e+01 9.879039176839563008e-02
6.759999999999999432e+01 9.877772741164030090e-02
6.800000000000000000e+01 9.877512736829510698e-02
6.850000000000000000e+01 9.878356324779834219e-02
6.900000000000000000e+01 9.879618884899142583e-02
6.950000000000000000e+01 9.881812994590978561e-02
7.000000000000000000e+01 9.884770695462813395e-02
7.050000000000000000e+01 9.888322690141755633e-02
7.100000000000000000e+01 9.892350822875395355e-02
7.159999999999999432e+01 9.897830963095319290e-02
7.209999999999999432e+01 9.902658555516451189e-02
7.259999999999999432e+01 9.907720614961096350e-02
7.309999999999999432e+01 9.912843377421350077e-02
7.370000000000000284e+01 9.919020329741989883e-02
7.420000000000000284e+01 9.924052951597787942e-02
7.470000000000000284e+01 9.928876612890358277e-02
7.529999999999999716e+01 9.934264108587179121e-02
7.579999999999999716e+01 1.025131401615120147e-01
7.640000000000000568e+01 1.026260155136111824e-01
7.690000000000000568e+01 1.027030993243889523e-01
7.750000000000000000e+01 1.027732812785298600e-01
7.800000000000000000e+01 1.028110813876779994e-01
7.859999999999999432e+01 1.028289515015584493e-01
7.909999999999999432e+01 1.030266958412934669e-01
7.970000000000000284e+01 1.029917364487494963e-01
8.029999999999999716e+01 1.029308118901103020e-01
8.090000000000000568e+01 1.028446003342578796e-01
8.150000000000000000e+01 1.027376142767412320e-01
8.200000000000000000e+01 1.075672493969468679e-01
8.259999999999999432e+01 1.072962915934939504e-01
8.320000000000000284e+01 1.066245193510266254e-01
8.379999999999999716e+01 1.030865119244647604e-01
8.440000000000000568e+01 9.798934821806452866e-02
8.509999999999999432e+01 9.439397304576412073e-02
8.570000000000000284e+01 9.436362536246289956e-02
8.629999999999999716e+01 9.468522782448322850e-02
8.690000000000000568e+01 9.474562732739724713e-02
8.750000000000000000e+01 9.841521353634295755e-02
8.820000000000000284e+01 1.002444364076693767e-01
8.879999999999999716e+01 1.001169279813892837e-01
8.940000000000000568e+01 9.998764614404986872e-02
9.009999999999999432e+01 9.983759343535403286e-02
9.070000000000000284e+01 1.039261072442559247e-01
9.140000000000000568e+01 1.035327646729122114e-01
9.209999999999999432e+01 1.033340097470683283e-01
9.270000000000000284e+01 1.031667144706825828e-01
9.340000000000000568e+01 1.029728246043893070e-01
9.409999999999999432e+01 1.027820336340718177e-01
9.470000000000000284e+01 1.026202801816924470e-01
9.540000000000000568e+01 1.024352531973750785e-01
9.609999999999999432e+01 1.022567451951822415e-01
9.679999999999999716e+01 1.020847902827897863e-01
9.750000000000000000e+01 1.019211162348553357e-01
9.820000000000000284e+01 1.017683820128734290e-01
9.890000000000000568e+01 1.016264887145654494e-01
9.959999999999999432e+01 1.014967369544498982e-01
1.004000000000000057e+02 1.010386358200114354e-01
1.010999999999999943e+02 1.009145208007783956e-01
1.017999999999999972e+02 1.024350075426087164e-01
1.025999999999999943e+02 1.022336736590163248e-01
1.032999999999999972e+02 1.020604516943196399e-01
1.040000000000000000e+02 1.019665636511932899e-01
1.047999999999999972e+02 1.017804081651835224e-01
1.055000000000000000e+02 1.016215389368350791e-01
1.062999999999999972e+02 1.014473090562500318e-01
1.070999999999999943e+02 1.012822079579301371e-01
1.077999999999999972e+02 1.011462654563800995e-01
1.085999999999999943e+02 1.010029570560957712e-01
1.094000000000000057e+02 1.008737293345060709e-01
1.102000000000000028e+02 1.007594441597628454e-01
1.110000000000000000e+02 1.006606166177584222e-01
1.117999999999999972e+02 1.005781602943148223e-01
1.125999999999999943e+02 9.999228264359771856e-02
1.134000000000000057e+02 9.988154839529014839e-02
1.142000000000000028e+02 9.977247049227858100e-02
1.150999999999999943e+02 9.965432494318203493e-02
1.159000000000000057e+02 9.955182923393950112e-02
1.167000000000000028e+02 9.945393588638870574e-02
1.175999999999999943e+02 9.935013365118182393e-02
1.184000000000000057e+02 9.926633484859563594e-02
1.192999999999999972e+02 9.918372387943473478e-02
1.200999999999999943e+02 9.912722473057959671e-02
1.210000000000000000e+02 9.908718861584295268e-02
1.219000000000000057e+02 9.908011468709715386e-02
1.227999999999999972e+02 1.012716543755880910e-01
1.235999999999999943e+02 1.006329142142286109e-01
1.245000000000000000e+02 1.030116729762595718e-01
1.254000000000000057e+02 9.960068806422629761e-02
1.262999999999999972e+02 9.998661533023457670e-02
1.272999999999999972e+02 9.973237118382112520e-02
1.281999999999999886e+02 9.853093427292258788e-02
1.290999999999999943e+02 9.846281957995255130e-02
1.300000000000000000e+02 9.841444844163729777e-02
1.310000000000000000e+02 9.837742479242364557e-02
1.319000000000000057e+02 9.835477376647527858e-02
1.329000000000000057e+02 9.833707447024113424e-02
1.338000000000000114e+02 9.832645488204512507e-02
1.348000000000000114e+02 9.987150327062109534e-02
1.358000000000000114e+02 1.000137278773020055e-01
1.368000000000000114e+02 1.001597086137814702e-01
1.376999999999999886e+02 1.002939190430816585e-01
1.386999999999999886e+02 1.006868195205113531e-01
1.396999999999999886e+02 1.008201726608817100e-01
1.406999999999999886e+02 1.009643092497608252e-01
1.418000000000000114e+02 1.011336491888813333e-01
1.428000000000000114e+02 1.012960461945186380e-01
1.438000000000000114e+02 1.014646128696736482e-01
1.449000000000000057e+02 1.016542684613008368e-01
1.459000000000000057e+02 1.018275189143444809e-01
1.470000000000000000e+02 1.020161148707366822e-01
1.480000000000000000e+02 1.021839384754187202e-01
1.490999999999999943e+02 1.023610662821855671e-01
1.501999999999999886e+02 1.014959203738610427e-01
1.511999999999999886e+02 1.016525960233580633e-01
1.523000000000000114e+02 1.018121100622572661e-01
1.534000000000000057e+02 1.019550298894238149e-01
1.545000000000000000e+02 1.022114452941721707e-01
1.556999999999999886e+02 1.012602662693689176e-01
1.568000000000000114e+02 9.934276409296544097e-02
1.579000000000000057e+02 9.895350899226150465e-02
1.590999999999999943e+02 9.983377289212276573e-02
1.601999999999999886e+02 9.985388919842390354e-02
1.614000000000000057e+02 9.985358657675187655e-02
1.625000000000000000e+02 1.028259145723129792e-01
1.636999999999999886e+02 1.027502556909132836e-01
1.649000000000000057e+02 1.026830306940537396e-01
1.660999999999999943e+02 1.026424221947195708e-01
1.673000000000000114e+02 1.020520778447383398e-01
1.685000000000000000e+02 1.019691776191234134e-01
1.696999999999999886e+02 1.017061827427587634e-01
1.709000000000000057e+02 1.015935084585471715e-01
1.721999999999999886e+02 1.014595418667358778e-01
1.734000000000000057e+02 1.013272454994818550e-01
1.746999999999999886e+02 1.027964334946696590e-01
1.759000000000000057e+02 1.025922265620334839e-01
1.771999999999999886e+02 1.023701183917753998e-01
1.785000000000000000e+02 1.021515975981944768e-01
1.798000000000000114e+02 1.019405974470601328e-01
1.810999999999999943e+02 1.017412388633120029e-01
1.824000000000000057e+02 1.015571422583823463e-01
1.836999999999999886e+02 1.013898731723225088e-01
1.850000000000000000e+02 1.012420789492090162e-01
1.863000000000000114e+02 1.011143475200957098e-01
1.876999999999999886e+02 1.003385171171901485e-01
1.890000000000000000e+02 1.001865551634966711e-01
1.904000000000000057e+02 1.000344134479513453e-01
1.918000000000000114e+02 9.989196172526230988e-02
1.931999999999999886e+02 9.976496822595429248e-02
1.945999999999999943e+02 9.965429803723886704e-02
1.960000000000000000e+02 9.956353737456193065e-02
1.974000000000000057e+02 9.949671788488856361e-02
1.988000000000000114e+02 9.946018517808144499e-02
2.001999999999999886e+02 9.945945703886710509e-02
2.016999999999999886e+02 1.014358872521321508e-01
2.030999999999999943e+02 1.016762987904455129e-01
2.045999999999999943e+02 1.016576493212693055e-01
2.060999999999999943e+02 9.999047781244950472e-02
2.075999999999999943e+02 1.000886362343529346e-01
2.090999999999999943e+02 9.984170655566504404e-02
2.105999999999999943e+02 9.962920969455253684e-02
2.120999999999999943e+02 9.945307845256672052e-02
2.135999999999999943e+02 9.844953224778557610e-02
2.151999999999999886e+02 9.845235056980190802e-02
2.166999999999999886e+02 9.846826446569488522e-02
2.183000000000000114e+02 9.849378403944888949e-02
2.199000000000000057e+02 9.852472901540092198e-02
2.215000000000000000e+02 9.896854202350932606e-02
2.230999999999999943e+02 9.895692815897004502e-02
2.246999999999999886e+02 9.896061954299258112e-02
2.263000000000000114e+02 9.898043105545831222e-02
2.279000000000000057e+02 1.011403641625261696e-01
2.295999999999999943e+02 1.012921908660118497e-01
2.311999999999999886e+02 1.014400357775772227e-01
2.329000000000000057e+02 1.016000547107562685e-01
2.345999999999999943e+02 1.017607192841899488e-01
2.363000000000000114e+02 1.019196458481195083e-01
2.380000000000000000e+02 1.023504797093292840e-01
2.396999999999999886e+02 1.024969296657918943e-01
2.414000000000000057e+02 1.026348297143997029e-01
2.431999999999999886e+02 1.014823195456988764e-01
2.449000000000000057e+02 1.015940439282519564e-01
2.466999999999999886e+02 1.017014740683136742e-01
2.485000000000000000e+02 1.008274543553051572e-01
2.503000000000000114e+02 9.911245076954605659e-02
2.520999999999999943e+02 9.914845261753528483e-02
2.539000000000000057e+02 9.926169373844748178e-02
2.556999999999999886e+02 1.008490453887674471e-01
2.576000000000000227e+02 1.009115562357345425e-01
2.595000000000000000e+02 1.008592705430650383e-01
2.613000000000000114e+02 1.008755639301415069e-01
2.631999999999999886e+02 1.011578928870014438e-01
2.651000000000000227e+02 1.011572382751877580e-01
2.670000000000000000e+02 1.014132318147322742e-01
2.690000000000000000e+02 1.013764901965453075e-01
2.708999999999999773e+02 1.013242022001330789e-01
2.728999999999999773e+02 1.012532851033110803e-01
2.748000000000000114e+02 1.011789752454512192e-01
2.768000000000000114e+02 9.980329257699789569e-02
2.788000000000000114e+02 9.970180983857276913e-02
2.808000000000000114e+02 9.961874644136961554e-02
2.828999999999999773e+02 9.955547411187773421e-02
2.848999999999999773e+02 9.952133038755378580e-02
2.870000000000000000e+02 9.951444444246565491e-02
2.890000000000000000e+02 9.953792552388925075e-02
2.911000000000000227e+02 9.959671716665337293e-02
2.931999999999999886e+02 9.969208433750194331e-02
2.953000000000000114e+02 9.982661093073326442e-02
2.975000000000000000e+02 1.000121882814153373e-01
2.996000000000000227e+02 1.002310578897572801e-01
3.018000000000000114e+02 1.005060228725273980e-01
3.040000000000000000e+02 1.007412558709122469e-01
3.061999999999999886e+02 1.002811673304986190e-01
3.083999999999999773e+02 9.894059920563784416e-02
3.106000000000000227e+02 1.011158458798935011e-01
3.128000000000000114e+02 1.009271789352335497e-01
3.151000000000000227e+02 9.967086750368824022e-02
3.173999999999999773e+02 9.934450986206827539e-02
3.196999999999999886e+02 9.944564168904455881e-02
3.220000000000000000e+02 9.957248710708667405e-02
3.243000000000000114e+02 9.940479898227246036e-02
3.266000000000000227e+02 9.951677194845866270e-02
3.290000000000000000e+02 9.963817060883360666e-02
3.313999999999999773e+02 9.976193741309241636e-02
3.338000000000000114e+02 9.998737671693616602e-02
3.361999999999999886e+02 1.000935854976410938e-01
3.386000000000000227e+02 1.002029665105471645e-01
3.410000000000000000e+02 1.005168529195950150e-01
3.435000000000000000e+02 1.012287307033600536e-01
3.460000000000000000e+02 1.013207961990057748e-01
3.485000000000000000e+02 1.014165386588122136e-01
3.510000000000000000e+02 1.015137338932311784e-01
3.535000000000000000e+02 1.013805753411755189e-01
3.561000000000000227e+02 1.014649539026701436e-01
3.586999999999999886e+02 1.006193104434927044e-01
3.613000000000000114e+02 9.971658133684281611e-02
3.638999999999999773e+02 9.905740122329463604e-02
3.665000000000000000e+02 1.004629270295433058e-01
3.691000000000000227e+02 1.004951881210334186e-01
3.718000000000000114e+02 1.008754106002903994e-01
3.745000000000000000e+02 1.006263318804848234e-01
3.771999999999999886e+02 1.006224117762917203e-01
3.798999999999999773e+02 1.006100227845130451e-01
3.826999999999999886e+02 9.942246933887541327e-02
3.853999999999999773e+02 9.938289317541576517e-02
3.881999999999999886e+02 1.001796182527560780e-01
3.910000000000000000e+02 1.001102546809090887e-01
3.938000000000000114e+02 1.000474945359404177e-01
3.966999999999999886e+02 9.998908917136445362e-02
3.995000000000000000e+02 9.993992040124161091e-02
4.023999999999999773e+02 9.934808728358861252e-02
4.053000000000000114e+02 9.962548369970319895e-02
4.083000000000000114e+02 9.956684235408784500e-02
4.111999999999999886e+02 9.952354461374353367e-02
4.141999999999999886e+02 9.949992608501206925e-02
4.171999999999999886e+02 9.950472426473293275e-02
4.201999999999999886e+02 9.991706597658736588e-02
4.231999999999999886e+02 1.000180147412074588e-01
4.263000000000000114e+02 1.001611880370394114e-01
4.293999999999999773e+02 9.944596142631974278e-02
4.325000000000000000e+02 1.006952778524644043e-01
4.356000000000000227e+02 1.004035673833408165e-01
4.386999999999999886e+02 1.001608830607805256e-01
4.418999999999999773e+02 9.996290743936668555e-02
4.451000000000000227e+02 9.903589033279314169e-02
4.483000000000000114e+02 9.905242972520329758e-02
4.515000000000000000e+02 9.909913472938046419e-02
4.548000000000000114e+02 9.916852188846739247e-02
4.581000000000000227e+02 9.925207958611924342e-02
4.613999999999999773e+02 9.968457895397878077e-02
4.646999999999999886e+02 9.973546819132521335e-02
4.681000000000000227e+02 1.011758894875341985e-01
4.715000000000000000e+02 1.009262744428473801e-01
4.748999999999999773e+02 1.010160987155206552e-01
4.783000000000000114e+02 1.011043089868234601e-01
4.816999999999999886e+02 1.011889113002387569e-01
4.851999999999999886e+02 1.014098237122200707e-01
4.886999999999999886e+02 1.014571532723749225e-01
4.923000000000000114e+02 1.006755460191921803e-01
4.958000000000000114e+02 9.982471553257506180e-02
4.993999999999999773e+02 9.998262908354951795e-02
5.030000000000000000e+02 9.995895548713601420e-02
5.066000000000000227e+02 1.016897781669312273e-01
5.103000000000000114e+02 1.008950430464598258e-01
5.140000000000000000e+02 1.007330940649961842e-01
5.177000000000000455e+02 1.005752011064545010e-01
5.213999999999999773e+02 1.004251547578764447e-01
5.252000000000000455e+02 1.002824116337315691e-01
5.290000000000000000e+02 1.001541319620421477e-01
5.327999999999999545e+02 9.961030656793876115e-02
5.366000000000000227e+02 9.954094240691171991e-02
5.405000000000000000e+02 9.950042300158819242e-02
5.443999999999999773e+02 9.949089211693942780e-02
5.483999999999999773e+02 9.951633902205060667e-02
5.522999999999999545e+02 9.957686703027876507e-02
5.562999999999999545e+02 9.967629865211519169e-02
5.602999999999999545e+02 9.981467616633310502e-02
5.643999999999999773e+02 9.999616028966559766e-02
5.683999999999999773e+02 1.000222883401241242e-01
5.725000000000000000e+02 1.000455123335331209e-01
5.767000000000000455e+02 9.984589117543980763e-02
5.807999999999999545e+02 1.006511637155643180e-01
5.850000000000000000e+02 1.004484882749707153e-01
5.892999999999999545e+02 1.003082163750604605e-01
5.935000000000000000e+02 1.002398102984258660e-01
5.977999999999999545e+02 1.002366103567610411e-01
6.021000000000000227e+02 1.002908523475040808e-01
6.065000000000000000e+02 1.003941786159521510e-01
6.108999999999999773e+02 1.005039640511154186e-01
6.152999999999999545e+02 1.006543108029814559e-01
6.197000000000000455e+02 1.008147910090014532e-01
6.242000000000000455e+02 1.009808276982209624e-01
6.287000000000000455e+02 1.011421449799591865e-01
6.332000000000000455e+02 1.008428777713119007e-01
6.377999999999999545e+02 1.009679857793409213e-01
6.423999999999999773e+02 1.002219642237659886e-01
6.470000000000000000e+02 1.003089736325733228e-01
6.517000000000000455e+02 9.969787550959011146e-02
6.563999999999999773e+02 1.009027571939654644e-01
6.612000000000000455e+02 1.010672846723299628e-01
6.658999999999999773e+02 1.009964861291437060e-01
6.707999999999999545e+02 1.006225386601075078e-01
6.756000000000000227e+02 1.005917814485969147e-01
6.805000000000000000e+02 9.978350768302790552e-02
6.853999999999999773e+02 9.933585261892685647e-02
6.902999999999999545e+02 9.927355975557182466e-02
6.952999999999999545e+02 9.927930612938648536e-02
7.002999999999999545e+02 9.917819968975316591e-02
7.053999999999999773e+02 9.909396739767233064e-02
7.105000000000000000e+02 9.903290112783863508e-02
7.156000000000000227e+02 9.947982689014869817e-02
7.207999999999999545e+02 9.955083178642260000e-02
7.260000000000000000e+02 1.009208478736933756e-01
7.312000000000000455e+02 1.011596113461685209e-01
7.365000000000000000e+02 1.002194127046113770e-01
7.417999999999999545e+02 1.008829105029092482e-01
7.472000000000000455e+02 1.003981471643778933e-01
7.526000000000000227e+02 9.993724976927968739e-02
7.580000000000000000e+02 9.988103514369538194e-02
7.635000000000000000e+02 9.987610740906464890e-02
7.690000000000000000e+02 9.985026990805764835e-02
7.746000000000000227e+02 9.994001507485128499e-02
7.802000000000000455e+02 9.969046595589388382e-02
7.857999999999999545e+02 9.975722497246400366e-02
7.915000000000000000e+02 9.983618206726094235e-02
7.972000000000000455e+02 9.952621987992596453e-02
8.028999999999999773e+02 9.961818052647038180e-02
8.087000000000000455e+02 9.952146835650749201e-02
8.146000000000000227e+02 9.956589651375576111e-02
8.205000000000000000e+02 9.971498101334502762e-02
8.263999999999999773e+02 9.899619392781823513e-02
8.323999999999999773e+02 1.001933027261845410e-01
8.383999999999999773e+02 1.001655795059326615e-01
8.443999999999999773e+02 9.981744202658578147e-02
8.505000000000000000e+02 9.975231959463504161e-02
8.567000000000000455e+02 1.001725550566045092e-01
8.628999999999999773e+02 9.986804355657584453e-02
8.691000000000000227e+02 9.974548043055668500e-02
8.753999999999999773e+02 9.963413015240846216e-02
8.817000000000000455e+02 9.954325125451722600e-02
8.881000000000000227e+02 9.948036731083161055e-02
8.945000000000000000e+02 9.945863479628329340e-02
9.008999999999999773e+02 9.999971845128297065e-02
9.073999999999999773e+02 1.001319580240099399e-01
9.140000000000000000e+02 9.974713309796594263e-02
9.206000000000000227e+02 9.938835159770222083e-02
9.272000000000000455e+02 1.003938304574329560e-01
9.338999999999999773e+02 1.004819943154938305e-01
9.407000000000000455e+02 1.000651790758170928e-01
9.475000000000000000e+02 9.921142879879048249e-02
9.542999999999999545e+02 9.917619820865901381e-02
9.612000000000000455e+02 9.918347306670302621e-02
9.681000000000000227e+02 9.922416495766919753e-02
9.751000000000000227e+02 9.929049546562820905e-02
9.822000000000000455e+02 9.937611460923874429e-02
9.892999999999999545e+02 9.947562164928230866e-02
9.963999999999999773e+02 9.958573484049991487e-02
1.003600000000000023e+03 9.987542577468785931e-02
1.010899999999999977e+03 9.977615142769555301e-02
1.018200000000000045e+03 9.971123586118331439e-02
1.025500000000000000e+03 9.932621583897340012e-02
1.032900000000000091e+03 9.964507197387238724e-02
1.040400000000000091e+03 1.003614024658918413e-01
1.047900000000000091e+03 1.002549449716250707e-01
1.055400000000000091e+03 1.001268409147410415e-01
1.063099999999999909e+03 1.001576153738712310e-01
1.070700000000000045e+03 1.000984336318588019e-01
1.078500000000000000e+03 1.000708331899566733e-01
1.086299999999999955e+03 9.970617163756842483e-02
1.094099999999999909e+03 9.991134541878818331e-02
1.102000000000000000e+03 1.000795036411883110e-01
1.110000000000000000e+03 1.002939826206304674e-01
1.118000000000000000e+03 1.001442383385863777e-01
1.126099999999999909e+03 9.987491374562280921e-02
1.134200000000000045e+03 9.962896453114145068e-02
1.142400000000000091e+03 1.005837640054976917e-01
1.150599999999999909e+03 1.002244712663856313e-01
1.158900000000000091e+03 1.001604674650499044e-01
1.167299999999999955e+03 1.001506485190086920e-01
1.175700000000000045e+03 1.001446402733648378e-01
1.184200000000000045e+03 1.002295297851927280e-01
1.192799999999999955e+03 1.001361863647417527e-01
1.201400000000000091e+03 1.002611641480944671e-01
1.210099999999999909e+03 1.003625705722226563e-01
1.218799999999999955e+03 1.004595240151035934e-01
1.227599999999999909e+03 1.002965359487461294e-01
1.236500000000000000e+03 1.003165388226521793e-01
1.245400000000000091e+03 9.978171777266883757e-02
1.254400000000000091e+03 9.972728908632871869e-02
1.263500000000000000e+03 9.964634988810994187e-02
1.272599999999999909e+03 1.000283424883185723e-01
1.281799999999999955e+03 1.006561230822159564e-01
1.291000000000000000e+03 1.005387678933847145e-01
1.300400000000000091e+03 1.004635073065269779e-01
1.309700000000000045e+03 1.004439313927713018e-01
1.319200000000000045e+03 1.004849559656871144e-01
1.328700000000000045e+03 1.005867827417225024e-01
1.338299999999999955e+03 1.007594017586850438e-01
1.348000000000000000e+03 1.007763804170531963e-01
1.357700000000000045e+03 1.001391931287347464e-01
1.367500000000000000e+03 1.000500945347813642e-01
1.377400000000000091e+03 9.996984698724407925e-02
1.387400000000000091e+03 9.935915246270293766e-02
1.397400000000000091e+03 9.896671221900377180e-02
1.407500000000000000e+03 9.891621539903461269e-02
1.417599999999999909e+03 9.890696953963143412e-02
1.427900000000000091e+03 9.901380650061314403e-02
1.438200000000000045e+03 9.931746449156596268e-02
1.448599999999999909e+03 9.985884362308140860e-02
1.459000000000000000e+03 9.992127984306656274e-02
1.469599999999999909e+03 9.998867361145649668e-02
1.480200000000000045e+03 1.001159981886921291e-01
1.490900000000000091e+03 1.002282134620427617e-01
1.501599999999999909e+03 1.003995282841027431e-01
1.512500000000000000e+03 1.000164238116998533e-01
1.523400000000000091e+03 9.997085336059094440e-02
1.534400000000000091e+03 9.947548976414609390e-02
1.545500000000000000e+03 9.942550560585983188e-02
1.556599999999999909e+03 9.913163343688877194e-02
1.567900000000000091e+03 9.906037086343864873e-02
1.579200000000000045e+03 9.864071791651661536e-02
1.590599999999999909e+03 9.900087819674024958e-02
1.602099999999999909e+03 9.934641473497728137e-02
1.613700000000000045e+03 9.964433133969943790e-02
1.625299999999999955e+03 1.003649010824978205e-01
1.637099999999999909e+03 1.004537496699957899e-01
1.648900000000000091e+03 1.003757194930108704e-01
1.660799999999999955e+03 1.003997234179312137e-01
1.672799999999999955e+03 9.990947231120243799e-02
1.684900000000000091e+03 9.988545146453889356e-02
1.697000000000000000e+03 9.989015874844282827e-02
1.709299999999999955e+03 9.991416623307995681e-02
1.721599999999999909e+03 9.959294541167520998e-02
1.734099999999999909e+03 9.964333525139686121e-02
1.746599999999999909e+03 9.966267548732153647e-02
1.759200000000000045e+03 9.971580440296051728e-02
1.771900000000000091e+03 9.982296895491359068e-02
1.784700000000000045e+03 9.988923870969558527e-02
1.797599999999999909e+03 9.994954689438187434e-02
1.810599999999999909e+03 1.000036944621905399e-01
1.823599999999999909e+03 1.002194963385940191e-01
1.836799999999999955e+03 1.002580264020865447e-01
1.850099999999999909e+03 1.002930982477761856e-01
1.863400000000000091e+03 1.003270637202574311e-01
1.876900000000000091e+03 9.993763672110017593e-02
1.890400000000000091e+03 9.962033937509182091e-02
1.904099999999999909e+03 9.949223071755382286e-02
1.917799999999999955e+03 9.992492223939662688e-02
1.931700000000000045e+03 9.988269318830812760e-02
1.945599999999999909e+03 1.002548386159589494e-01
1.959700000000000045e+03 1.001910872058556085e-01
1.973799999999999955e+03 1.001394488770119134e-01
1.988099999999999909e+03 9.966994338038880075e-02
2.002500000000000000e+03 9.962374392592374117e-02
2.016900000000000091e+03 9.983686197477625868e-02
2.031500000000000000e+03 9.981011967343592084e-02
2.046200000000000045e+03 9.980916693310450116e-02
2.060900000000000091e+03 9.983911092563911571e-02
2.075800000000000182e+03 9.990468807483289526e-02
2.090800000000000182e+03 9.981764512076221618e-02
2.105900000000000091e+03 9.992196662719753097e-02
2.121099999999999909e+03 9.971605711137612738e-02
2.136400000000000091e+03 1.002300290173968322e-01
2.151900000000000091e+03 1.002905105391583701e-01
2.167400000000000091e+03 1.001708195972780824e-01
2.183000000000000000e+03 9.983473969845131635e-02
2.198800000000000182e+03 9.988935188005843013e-02
2.214699999999999818e+03 1.000450036746512034e-01
2.230699999999999818e+03 1.001274540203849484e-01
