# freq eta
3.539999999999999858e+01 7.983555914558606581e-01
3.560000000000000142e+01 7.616110305641689004e-01
3.589999999999999858e+01 8.204838006287565877e-01
3.610000000000000142e+01 7.883653918865000110e-01
3.639999999999999858e+01 8.134734212474162840e-01
3.660000000000000142e+01 8.082895928841907773e-01
3.689999999999999858e+01 8.034066512328630338e-01
3.720000000000000284e+01 7.931123810472421320e-01
3.739999999999999858e+01 8.197632012615241326e-01
3.770000000000000284e+01 7.683568535573966907e-01
3.800000000000000000e+01 8.213926796815038678e-01
3.829999999999999716e+01 8.119249114242970133e-01
3.850000000000000000e+01 8.338474651110070468e-01
3.879999999999999716e+01 7.632964797019859970e-01
3.910000000000000142e+01 8.126548521770092792e-01
3.939999999999999858e+01 8.108616548242726374e-01
3.970000000000000284e+01 8.142546462897495285e-01
4.000000000000000000e+01 8.224277203716539031e-01
4.020000000000000284e+01 8.016315346822461274e-01
4.050000000000000000e+01 7.910096786237948985e-01
4.079999999999999716e+01 8.174553057100949482e-01
4.110000000000000142e+01 7.866058722278822524e-01
4.139999999999999858e+01 8.125545225185704101e-01
4.170000000000000284e+01 7.793426485814930471e-01
4.200000000000000000e+01 8.230514841796510161e-01
4.229999999999999716e+01 8.108161849652949504e-01
4.260000000000000142e+01 8.015762325235595842e-01
4.289999999999999858e+01 8.135040147941658972e-01
4.320000000000000284e+01 7.871547709271449200e-01
4.360000000000000142e+01 8.023833226131810159e-01
4.389999999999999858e+01 7.509096569519317921e-01
4.420000000000000284e+01 7.980498927247997587e-01
4.450000000000000000e+01 8.036671010195687304e-01
4.479999999999999716e+01 8.075636380660826674e-01
4.520000000000000284e+01 8.009196832157414736e-01
4.550000000000000000e+01 8.167164013883282392e-01
4.579999999999999716e+01 8.118215378675599503e-01
4.610000000000000142e+01 8.014067615100448627e-01
4.650000000000000000e+01 7.789893291154599275e-01
4.679999999999999716e+01 7.959313883247670640e-01
4.710000000000000142e+01 7.484287296340513818e-01
4.750000000000000000e+01 8.116942758267990943e-01
4.779999999999999716e+01 8.187080870297125390e-01
4.820000000000000284e+01 8.056613613402430207e-01
4.850000000000000000e+01 7.964160216065568898e-01
4.889999999999999858e+01 7.931530281892189560e-01
4.920000000000000284e+01 7.909640346697113245e-01
4.960000000000000142e+01 7.727645809087990703e-01
4.989999999999999858e+01 7.964229911797752193e-01
5.029999999999999716e+01 8.116913205553202282e-01
5.070000000000000284e+01 8.006596054946616414e-01
5.100000000000000000e+01 8.084552039743084784e-01
5.139999999999999858e+01 7.929090825808287057e-01
5.179999999999999716e+01 7.829216128218471349e-01
5.210000000000000142e+01 7.951160838866169200e-01
5.250000000000000000e+01 8.199053868685537427e-01
5.289999999999999858e+01 8.067986807867528753e-01
5.329999999999999716e+01 7.921283740546030128e-01
5.370000000000000284e+01 8.263749782357516782e-01
5.410000000000000142e+01 7.743241219037567680e-01
5.439999999999999858e+01 7.867434799144590318e-01
5.479999999999999716e+01 7.949618910351656798e-01
5.520000000000000284e+01 7.971484426822331715e-01
5.560000000000000142e+01 7.936590041776766524e-01
5.600000000000000000e+01 8.088513629273627048e-01
5.639999999999999858e+01 8.098627441319937725e-01
5.679999999999999716e+01 8.048217346874350087e-01
5.729999999999999716e+01 7.972397154603235725e-01
5.770000000000000284e+01 8.361070846616928121e-01
5.810000000000000142e+01 7.963109916946576883e-01
5.850000000000000000e+01 8.013537050850703114e-01
5.889999999999999858e+01 7.961753224068791601e-01
5.939999999999999858e+01 8.063249138519252845e-01
5.979999999999999716e+01 8.273498357162852868e-01
6.020000000000000284e+01 8.173276067103664166e-01
6.060000000000000142e+01 7.850810642496584002e-01
6.110000000000000142e+01 7.954540592834832280e-01
6.150000000000000000e+01 7.968719880710793957e-01
6.200000000000000000e+01 8.091007754025173471e-01
6.239999999999999858e+01 7.948742651993091490e-01
6.289999999999999858e+01 7.931077148668440602e-01
6.329999999999999716e+01 7.708142128794505110e-01
6.379999999999999716e+01 7.925210839061669343e-01
6.420000000000000284e+01 8.197060670863335341e-01
6.470000000000000284e+01 7.788388271163879661e-01
6.520000000000000284e+01 8.137113009468750491e-01
6.559999999999999432e+01 8.126876272388536826e-01
6.609999999999999432e+01 8.188570692499307357e-01
6.659999999999999432e+01 7.920150589703897070e-01
6.709999999999999432e+01 8.019920287688873106e-01
6.759999999999999432e+01 8.073195827746229014e-01
6.800000000000000000e+01 8.220729164575595327e-01
6.850000000000000000e+01 8.198804645746441411e-01
6.900000000000000000e+01 7.902358069523586215e-01
6.950000000000000000e+01 7.957424287183895162e-01
7.000000000000000000e+01 8.167793834586279944e-01
7.050000000000000000e+01 7.984971931999753636e-01
7.100000000000000000e+01 7.874412914155672905e-01
7.159999999999999432e+01 8.103072114934243286e-01
7.209999999999999432e+01 7.865710598253250474e-01
7.259999999999999432e+01 8.097506650593966349e-01
7.309999999999999432e+01 8.075658287840373761e-01
7.370000000000000284e+01 8.127399094827557624e-01
7.420000000000000284e+01 7.799816032867049609e-01
7.470000000000000284e+01 7.991473124800390071e-01
7.529999999999999716e+01 7.873710500877998397e-01
7.579999999999999716e+01 7.981579186862889363e-01
7.640000000000000568e+01 8.473835437633732148e-01
7.690000000000000568e+01 7.806082293625340451e-01
7.750000000000000000e+01 7.781207327396857387e-01
7.800000000000000000e+01 7.929976572706900484e-01
7.859999999999999432e+01 8.005933866676647748e-01
7.909999999999999432e+01 7.932065955164746551e-01
7.970000000000000284e+01 7.778239354340207301e-01
8.029999999999999716e+01 8.123963555165460981e-01
8.090000000000000568e+01 7.860740204515724860e-01
8.150000000000000000e+01 7.611652776202407766e-01
8.200000000000000000e+01 8.063768283186324437e-01
8.259999999999999432e+01 7.844243361003753190e-01
8.320000000000000284e+01 7.870393206644549222e-01
8.379999999999999716e+01 7.737907647214941065e-01
8.440000000000000568e+01 8.161135507241419340e-01
8.509999999999999432e+01 7.745402928266722498e-01
8.570000000000000284e+01 8.098074105746336793e-01
8.629999999999999716e+01 7.954784031747839101e-01
8.690000000000000568e+01 8.362962476459050443e-01
8.750000000000000000e+01 8.174372785033964250e-01
8.820000000000000284e+01 7.829493783847857324e-01
8.879999999999999716e+01 7.988315798825601499e-01
8.940000000000000568e+01 8.016229770486170692e-01
9.009999999999999432e+01 7.829256800632528046e-01
9.070000000000000284e+01 8.017134093694959773e-01
9.140000000000000568e+01 8.073707888109077357e-01
9.209999999999999432e+01 8.083162889690005404e-01
9.270000000000000284e+01 7.957584977993436004e-01
9.340000000000000568e+01 8.109979970976882724e-01
9.409999999999999432e+01 7.970581632154354335e-01
9.470000000000000284e+01 7.864313833328753223e-01
9.540000000000000568e+01 7.969715019314672633e-01
9.609999999999999432e+01 7.964540133610769068e-01
9.679999999999999716e+01 7.946004909635068225e-01
9.750000000000000000e+01 8.119171270894841586e-01
9.820000000000000284e+01 8.212857030920768242e-01
9.890000000000000568e+01 8.108337904746992786e-01
9.959999999999999432e+01 8.092921021669133852e-01
1.004000000000000057e+02 8.027023744411004857e-01
1.010999999999999943e+02 8.051317621861687757e-01
1.017999999999999972e+02 7.707515270278683106e-01
1.025999999999999943e+02 8.042493396033831843e-01
1.032999999999999972e+02 8.017525365783272351e-01
1.040000000000000000e+02 8.113870570580393737e-01
1.047999999999999972e+02 8.183850187758574535e-01
1.055000000000000000e+02 8.188838612877541445e-01
1.062999999999999972e+02 8.008277363484936906e-01
1.070999999999999943e+02 7.837979425484830065e-01
1.077999999999999972e+02 8.068097451435584100e-01
1.085999999999999943e+02 8.134696128960527961e-01
1.094000000000000057e+02 8.212195415096696927e-01
1.102000000000000028e+02 8.132497444603890013e-01
1.110000000000000000e+02 8.007694532655768027e-01
1.117999999999999972e+02 7.996455158599218294e-01
1.125999999999999943e+02 7.863415900725410079e-01
1.134000000000000057e+02 7.852378438707612318e-01
1.142000000000000028e+02 7.872461558956868055e-01
1.150999999999999943e+02 8.009196490201011542e-01
1.159000000000000057e+02 8.141271360583551830e-01
1.167000000000000028e+02 7.877651733715357318e-01
1.175999999999999943e+02 7.916183933170627407e-01
1.184000000000000057e+02 8.122774968111213800e-01
1.192999999999999972e+02 8.202644178716991252e-01
1.200999999999999943e+02 7.843278777691162773e-01
1.210000000000000000e+02 8.185032658134901995e-01
1.219000000000000057e+02 8.098730596139400717e-01
1.227999999999999972e+02 7.761422930737909009e-01
1.235999999999999943e+02 8.034236405166277351e-01
1.245000000000000000e+02 7.916924235522456721e-01
1.254000000000000057e+02 7.829461680233459342e-01
1.262999999999999972e+02 8.034956062235454333e-01
1.272999999999999972e+02 7.877322254100322940e-01
1.281999999999999886e+02 8.117986854774182914e-01
1.290999999999999943e+02 7.957997305013428946e-01
1.300000000000000000e+02 8.107410874086590225e-01
1.310000000000000000e+02 7.993519036234359998e-01
1.319000000000000057e+02 7.972038301785642211e-01
1.329000000000000057e+02 8.034298376497743810e-01
1.338000000000000114e+02 8.052462212827700139e-01
1.348000000000000114e+02 8.061528508809704396e-01
1.358000000000000114e+02 8.124096763566860391e-01
1.368000000000000114e+02 8.029574387887002951e-01
1.376999999999999886e+02 7.888810008037973054e-01
1.386999999999999886e+02 7.769704160875340326e-01
1.396999999999999886e+02 8.130565607731665700e-01
1.406999999999999886e+02 7.906777639485922382e-01
1.418000000000000114e+02 8.015711213286524917e-01
1.428000000000000114e+02 7.972375514572527244e-01
1.438000000000000114e+02 7.881919157901012829e-01
1.449000000000000057e+02 7.938657904113234354e-01
1.459000000000000057e+02 8.150312118771700920e-01
1.470000000000000000e+02 8.104651999536141016e-01
1.480000000000000000e+02 7.846638412442088484e-01
1.490999999999999943e+02 8.032097843343465327e-01
1.501999999999999886e+02 8.095651788707400875e-01
1.511999999999999886e+02 7.920353813804671406e-01
1.523000000000000114e+02 7.934849294350870830e-01
1.534000000000000057e+02 7.982155748881374357e-01
1.545000000000000000e+02 7.995190749236076311e-01
1.556999999999999886e+02 7.887017377416141173e-01
1.568000000000000114e+02 8.012598683600522520e-01
1.579000000000000057e+02 8.001112966047221331e-01
1.590999999999999943e+02 7.898931732889599155e-01
1.601999999999999886e+02 7.941266712052179599e-01
1.614000000000000057e+02 7.895978882975018820e-01
1.625000000000000000e+02 8.082841128086288851e-01
1.636999999999999886e+02 7.932005303846276778e-01
1.649000000000000057e+02 8.010795611625866064e-01
1.660999999999999943e+02 8.160812085215543021e-01
1.673000000000000114e+02 7.971590186878531048e-01
1.685000000000000000e+02 7.981115634113904456e-01
1.696999999999999886e+02 8.110237455924333982e-01
1.709000000000000057e+02 8.123142320412620743e-01
1.721999999999999886e+02 8.097347070491878185e-01
1.734000000000000057e+02 7.844593064229463675e-01
1.746999999999999886e+02 8.013442650389123179e-01
1.759000000000000057e+02 8.043361180462847981e-01
1.771999999999999886e+02 8.121598572929433768e-01
1.785000000000000000e+02 8.126756054862769307e-01
1.798000000000000114e+02 7.939756588030443263e-01
1.810999999999999943e+02 7.984584855540736159e-01
1.824000000000000057e+02 7.966697805287041856e-01
1.836999999999999886e+02 7.981533254509619590e-01
1.850000000000000000e+02 7.983212612652053064e-01
1.863000000000000114e+02 8.039634261660397740e-01
1.876999999999999886e+02 8.069324007512681529e-01
1.890000000000000000e+02 7.983417358582927115e-01
1.904000000000000057e+02 7.955801278925106468e-01
1.918000000000000114e+02 8.003500487301288269e-01
1.931999999999999886e+02 8.051365740019051920e-01
1.945999999999999943e+02 7.899884546921761563e-01
1.960000000000000000e+02 7.926475572480664589e-01
1.974000000000000057e+02 7.981189592353415962e-01
1.988000000000000114e+02 7.996654578794206714e-01
2.001999999999999886e+02 7.906600763844361390e-01
2.016999999999999886e+02 7.951483137732471285e-01
2.030999999999999943e+02 8.135312089056593310e-01
2.045999999999999943e+02 7.891953865242952171e-01
2.060999999999999943e+02 8.130036975151538892e-01
2.075999999999999943e+02 8.126172403885300044e-01
2.090999999999999943e+02 8.008508781404066745e-01
2.105999999999999943e+02 8.005401505989840905e-01
2.120999999999999943e+02 7.971790135029722668e-01
2.135999999999999943e+02 7.979136097607461009e-01
2.151999999999999886e+02 8.090648647575623409e-01
2.166999999999999886e+02 8.065126375824254179e-01
2.183000000000000114e+02 8.061409264769106020e-01
2.199000000000000057e+02 7.940756694224813117e-01
2.215000000000000000e+02 8.010161715851085162e-01
2.230999999999999943e+02 8.073675893977600992e-01
2.246999999999999886e+02 8.084591094121735821e-01
2.263000000000000114e+02 7.998304601914640877e-01
2.279000000000000057e+02 8.106246756698809453e-01
2.295999999999999943e+02 7.859479330001531983e-01
2.311999999999999886e+02 7.949731493346056110e-01
2.329000000000000057e+02 8.240101645956255938e-01
2.345999999999999943e+02 7.989091742002194518e-01
2.363000000000000114e+02 7.980036085422381742e-01
2.380000000000000000e+02 7.924158301884021149e-01
2.396999999999999886e+02 7.942849099069915209e-01
2.414000000000000057e+02 7.993590139782369430e-01
2.431999999999999886e+02 8.077382066821801043e-01
2.449000000000000057e+02 8.116105393060514261e-01
2.466999999999999886e+02 8.182085930085264414e-01
2.485000000000000000e+02 8.052378485529166907e-01
2.503000000000000114e+02 7.928806887137979098e-01
2.520999999999999943e+02 7.904827873203796873e-01
2.539000000000000057e+02 8.070238751347367234e-01
2.556999999999999886e+02 8.022712321711166217e-01
2.576000000000000227e+02 8.002703108314688230e-01
2.595000000000000000e+02 8.046419378260876165e-01
2.613000000000000114e+02 7.917426745288983492e-01
2.631999999999999886e+02 8.084745249389096999e-01
2.651000000000000227e+02 8.022301332236638771e-01
2.670000000000000000e+02 8.062189507417070189e-01
2.690000000000000000e+02 8.038833232621187541e-01
2.708999999999999773e+02 7.955646587527972491e-01
2.728999999999999773e+02 8.151157892351306167e-01
2.748000000000000114e+02 7.967693118148654330e-01
2.768000000000000114e+02 8.004365066163673381e-01
2.788000000000000114e+02 8.011492693152194589e-01
2.808000000000000114e+02 8.141687877731618173e-01
2.828999999999999773e+02 7.980697450865819054e-01
2.848999999999999773e+02 7.993749990528656868e-01
2.870000000000000000e+02 7.988665471032433407e-01
2.890000000000000000e+02 8.061801563810332416e-01
2.911000000000000227e+02 7.985394419113658326e-01
2.931999999999999886e+02 7.874667891122584251e-01
2.953000000000000114e+02 7.945191614070601371e-01
2.975000000000000000e+02 7.999694529653229580e-01
2.996000000000000227e+02 7.957857415636792053e-01
3.018000000000000114e+02 8.174132124074954264e-01
3.040000000000000000e+02 7.997707642053869526e-01
3.061999999999999886e+02 8.109932460386708453e-01
3.083999999999999773e+02 7.944454716236535319e-01
3.106000000000000227e+02 7.998365507449572975e-01
3.128000000000000114e+02 7.814385209839814772e-01
3.151000000000000227e+02 8.019087497795138741e-01
3.173999999999999773e+02 7.986303873469073888e-01
3.196999999999999886e+02 7.940751740662488345e-01
3.220000000000000000e+02 7.964384037358159807e-01
3.243000000000000114e+02 7.925296899010767504e-01
3.266000000000000227e+02 8.023119189064557011e-01
3.290000000000000000e+02 7.988508994167454746e-01
3.313999999999999773e+02 8.016524648935171582e-01
3.338000000000000114e+02 8.040266648127714078e-01
3.361999999999999886e+02 8.030436496614040687e-01
3.386000000000000227e+02 7.941412710592826718e-01
3.410000000000000000e+02 7.896411214475284046e-01
3.435000000000000000e+02 7.920361139816501916e-01
3.460000000000000000e+02 8.039529114561995149e-01
3.485000000000000000e+02 7.991645583944184672e-01
3.510000000000000000e+02 7.970350390372459293e-01
3.535000000000000000e+02 8.170322373331840859e-01
3.561000000000000227e+02 7.910764428890239008e-01
3.586999999999999886e+02 7.996296758517209557e-01
3.613000000000000114e+02 7.913690564690458729e-01
3.638999999999999773e+02 7.966318507927563353e-01
3.665000000000000000e+02 8.019941068015586927e-01
3.691000000000000227e+02 8.039842072833889297e-01
3.718000000000000114e+02 8.095215538498218288e-01
3.745000000000000000e+02 8.031770684912775682e-01
3.771999999999999886e+02 7.992574398152496595e-01
3.798999999999999773e+02 8.154835849969980233e-01
3.826999999999999886e+02 7.990421036366683882e-01
3.853999999999999773e+02 7.976964830597758072e-01
3.881999999999999886e+02 7.869849189354419794e-01
3.910000000000000000e+02 8.017243152581811083e-01
3.938000000000000114e+02 7.928940196666215412e-01
3.966999999999999886e+02 8.027581577257729695e-01
3.995000000000000000e+02 7.810622063539031101e-01
4.023999999999999773e+02 8.022932061477914267e-01
4.053000000000000114e+02 7.944784306958981857e-01
4.083000000000000114e+02 7.928259300729566528e-01
4.111999999999999886e+02 8.085903780979383226e-01
4.141999999999999886e+02 8.012477293841483439e-01
4.171999999999999886e+02 7.984437848706047447e-01
4.201999999999999886e+02 8.089454157761284403e-01
4.231999999999999886e+02 8.017820551257852646e-01
4.263000000000000114e+02 8.118384476635096547e-01
4.293999999999999773e+02 7.972232011902583571e-01
4.325000000000000000e+02 7.949355760185673470e-01
4.356000000000000227e+02 7.956657616941391620e-01
4.386999999999999886e+02 8.032874650686475659e-01
4.418999999999999773e+02 7.953568602169828194e-01
4.451000000000000227e+02 8.030906198779662608e-01
4.483000000000000114e+02 7.960806205139080438e-01
4.515000000000000000e+02 8.017696459885772509e-01
4.548000000000000114e+02 8.022463502703811589e-01
4.581000000000000227e+02 7.958617202310107608e-01
4.613999999999999773e+02 8.034553316474799534e-01
4.646999999999999886e+02 8.075644849630774225e-01
4.681000000000000227e+02 7.918386666418993913e-01
4.715000000000000000e+02 7.970292284205970912e-01
4.748999999999999773e+02 7.996727493228916739e-01
4.783000000000000114e+02 7.805356357345918372e-01
4.816999999999999886e+02 8.055793635174003375e-01
4.851999999999999886e+02 8.133985220477051303e-01
4.886999999999999886e+02 8.115320322835034572e-01
4.923000000000000114e+02 8.029496543199153846e-01
4.958000000000000114e+02 7.900623478579530401e-01
4.993999999999999773e+02 7.979408767858383600e-01
5.030000000000000000e+02 7.918324075333329493e-01
5.066000000000000227e+02 8.044692657797829494e-01
5.103000000000000114e+02 7.954696346220981873e-01
5.140000000000000000e+02 8.030908072696374411e-01
5.177000000000000455e+02 8.034369883125794809e-01
5.213999999999999773e+02 8.058879529061351299e-01
5.252000000000000455e+02 8.115921920162507686e-01
5.290000000000000000e+02 8.048503822607823155e-01
5.327999999999999545e+02 7.905438863448344122e-01
5.366000000000000227e+02 8.054219278113570191e-01
5.405000000000000000e+02 8.117463406101713685e-01
5.443999999999999773e+02 7.966980047903139406e-01
5.483999999999999773e+02 8.023060511411368445e-01
5.522999999999999545e+02 7.997534402121464492e-01
5.562999999999999545e+02 7.956876862646055093e-01
5.602999999999999545e+02 8.086321690857609656e-01
5.643999999999999773e+02 7.966331019383536827e-01
5.683999999999999773e+02 7.962547247235771675e-01
5.725000000000000000e+02 8.052475778383147986e-01
5.767000000000000455e+02 7.996511064344312691e-01
5.807999999999999545e+02 8.044923477941543499e-01
5.850000000000000000e+02 7.970505300105358293e-01
5.892999999999999545e+02 7.992348566353533190e-01
5.935000000000000000e+02 7.957006003952854511e-01
5.977999999999999545e+02 8.150928395600385290e-01
6.021000000000000227e+02 8.086883100432291638e-01
6.065000000000000000e+02 8.033818652615133393e-01
6.108999999999999773e+02 7.980656395313235896e-01
6.152999999999999545e+02 8.086869128391502848e-01
6.197000000000000455e+02 7.910558288270996830e-01
6.242000000000000455e+02 7.961732623045467694e-01
6.287000000000000455e+02 7.982883625411306694e-01
6.332000000000000455e+02 7.969783879786377367e-01
6.377999999999999545e+02 7.909121383962545160e-01
6.423999999999999773e+02 7.912475269924328369e-01
6.470000000000000000e+02 8.091909468077754797e-01
6.517000000000000455e+02 7.966352010559181185e-01
6.563999999999999773e+02 8.173314522491105238e-01
6.612000000000000455e+02 7.988610074340526390e-01
6.658999999999999773e+02 7.938265528829935302e-01
6.707999999999999545e+02 7.871377973061787214e-01
6.756000000000000227e+02 7.956825046024365022e-01
6.805000000000000000e+02 7.970393284708396919e-01
6.853999999999999773e+02 7.929464234479151052e-01
6.902999999999999545e+02 8.052528236270423134e-01
6.952999999999999545e+02 8.009237943159771556e-01
7.002999999999999545e+02 8.041167823191086583e-01
7.053999999999999773e+02 8.055172922883871989e-01
7.105000000000000000e+02 7.973542920016069013e-01
7.156000000000000227e+02 7.888242397508798964e-01
7.207999999999999545e+02 8.083427838091263862e-01
7.260000000000000000e+02 8.027458935211205793e-01
7.312000000000000455e+02 8.048867307305661578e-01
7.365000000000000000e+02 7.937657388122516533e-01
7.417999999999999545e+02 7.980164068029763635e-01
7.472000000000000455e+02 8.079320147767645732e-01
7.526000000000000227e+02 8.076921832350059116e-01
7.580000000000000000e+02 7.949005644276433413e-01
7.635000000000000000e+02 7.932908934282070224e-01
7.690000000000000000e+02 7.875056284343285862e-01
7.746000000000000227e+02 8.007222993751856865e-01
7.802000000000000455e+02 8.070919281424916436e-01
7.857999999999999545e+02 8.110606726790841048e-01
7.915000000000000000e+02 8.028232809833584227e-01
7.972000000000000455e+02 8.125716494802117662e-01
8.028999999999999773e+02 7.905744636949177950e-01
8.087000000000000455e+02 7.988277136158317138e-01
8.146000000000000227e+02 7.953177489196742167e-01
8.205000000000000000e+02 7.993256349841051378e-01
8.263999999999999773e+02 7.945793710895394657e-01
8.323999999999999773e+02 8.015736959325909794e-01
8.383999999999999773e+02 7.974749039402830864e-01
8.443999999999999773e+02 8.054109089776727570e-01
8.505000000000000000e+02 8.008982422249931732e-01
8.567000000000000455e+02 7.955689598943979091e-01
8.628999999999999773e+02 7.989680852403114875e-01
8.691000000000000227e+02 8.060992763566041663e-01
8.753999999999999773e+02 8.024325803954540648e-01
8.817000000000000455e+02 8.101780856268196995e-01
8.881000000000000227e+02 7.994394853726113359e-01
8.945000000000000000e+02 7.982332631604616147e-01
9.008999999999999773e+02 7.920589901365524543e-01
9.073999999999999773e+02 7.914029764616768992e-01
9.140000000000000000e+02 8.016651663111109549e-01
9.206000000000000227e+02 8.081814183559770104e-01
9.272000000000000455e+02 7.942852675322976674e-01
9.338999999999999773e+02 7.978362325403496325e-01
9.407000000000000455e+02 8.004245665355375072e-01
9.475000000000000000e+02 8.109658891921305290e-01
9.542999999999999545e+02 7.991843910503425574e-01
9.612000000000000455e+02 8.018802240581124341e-01
9.681000000000000227e+02 8.002673599710162788e-01
9.751000000000000227e+02 8.077397862852264687e-01
9.822000000000000455e+02 8.033700489448390991e-01
9.892999999999999545e+02 7.997645015979798488e-01
9.963999999999999773e+02 8.125103020347265170e-01
1.003600000000000023e+03 8.050201327855441846e-01
1.010899999999999977e+03 8.025094053528869509e-01
1.018200000000000045e+03 7.942998594988257555e-01
1.025500000000000000e+03 7.896474391138511573e-01
1.032900000000000091e+03 7.955608317780309413e-01
1.040400000000000091e+03 8.074808991514448309e-01
1.047900000000000091e+03 8.011697629203260451e-01
1.055400000000000091e+03 8.044547849384785509e-01
1.063099999999999909e+03 8.016013478123057423e-01
1.070700000000000045e+03 7.907331065862870378e-01
1.078500000000000000e+03 8.038334845364522030e-01
1.086299999999999955e+03 8.152600479912989195e-01
1.094099999999999909e+03 8.128606810388803172e-01
1.102000000000000000e+03 7.903611260383700543e-01
1.110000000000000000e+03 7.948082221086468779e-01
1.118000000000000000e+03 8.017546576940702829e-01
1.126099999999999909e+03 7.969142936205596550e-01
1.134200000000000045e+03 8.010466337212288623e-01
1.142400000000000091e+03 8.110924419948389863e-01
1.150599999999999909e+03 7.987184817930724767e-01
1.158900000000000091e+03 7.931669166519853542e-01
1.167299999999999955e+03 7.957726652047608651e-01
1.175700000000000045e+03 8.074906646580771730e-01
1.184200000000000045e+03 7.990740602650356905e-01
1.192799999999999955e+03 8.138348602274658727e-01
1.201400000000000091e+03 8.010497527760831460e-01
1.210099999999999909e+03 8.144177957618632391e-01
1.218799999999999955e+03 7.915727358781522449e-01
1.227599999999999909e+03 8.110903191968396042e-01
1.236500000000000000e+03 7.930770428575650843e-01
1.245400000000000091e+03 8.028015223105315901e-01
1.254400000000000091e+03 7.940918539882754201e-01
1.263500000000000000e+03 7.899451620347854863e-01
1.272599999999999909e+03 8.036140581539252814e-01
1.281799999999999955e+03 8.009399156253445007e-01
1.291000000000000000e+03 8.004075650660682495e-01
1.300400000000000091e+03 8.031969808826362467e-01
1.309700000000000045e+03 7.942680689516065096e-01
1.319200000000000045e+03 7.839085186570756703e-01
1.328700000000000045e+03 7.990087584735355852e-01
1.338299999999999955e+03 7.904671511313885457e-01
1.348000000000000000e+03 8.007650641426066196e-01
1.357700000000000045e+03 8.009771560587549688e-01
1.367500000000000000e+03 8.166670215954432432e-01
1.377400000000000091e+03 7.936271780823719313e-01
1.387400000000000091e+03 8.011508432719465223e-01
1.397400000000000091e+03 8.073451319304345564e-01
1.407500000000000000e+03 8.052838897789554862e-01
1.417599999999999909e+03 7.916089052004250393e-01
1.427900000000000091e+03 8.097881612284675290e-01
1.438200000000000045e+03 8.078480925863624762e-01
1.448599999999999909e+03 7.958256366326121878e-01
1.459000000000000000e+03 7.970679620633528417e-01
1.469599999999999909e+03 7.951535552571891152e-01
1.480200000000000045e+03 8.003580558781727694e-01
1.490900000000000091e+03 7.934763600883368850e-01
1.501599999999999909e+03 7.931147724457920933e-01
1.512500000000000000e+03 7.966610411139631864e-01
1.523400000000000091e+03 7.951962167362407463e-01
1.534400000000000091e+03 8.117274555749289799e-01
1.545500000000000000e+03 8.088218564260204468e-01
1.556599999999999909e+03 7.897475173844911156e-01
1.567900000000000091e+03 7.861558448795287202e-01
1.579200000000000045e+03 7.832130327469929432e-01
1.590599999999999909e+03 8.057107671805733284e-01
1.602099999999999909e+03 7.926221612374666492e-01
1.613700000000000045e+03 7.959399085651154282e-01
1.625299999999999955e+03 8.083817488698099574e-01
1.637099999999999909e+03 7.965891495486129292e-01
1.648900000000000091e+03 8.020341076814706538e-01
1.660799999999999955e+03 8.044879708922317851e-01
1.672799999999999955e+03 8.066458767260328289e-01
1.684900000000000091e+03 7.998756544370860810e-01
1.697000000000000000e+03 8.018509439418642915e-01
1.709299999999999955e+03 7.970773182158132908e-01
1.721599999999999909e+03 7.840565398457591817e-01
1.734099999999999909e+03 8.023436661265566094e-01
1.746599999999999909e+03 8.037745104999719503e-01
1.759200000000000045e+03 8.040684351011267994e-01
1.771900000000000091e+03 7.929703379459460688e-01
1.784700000000000045e+03 8.037079246499893026e-01
1.797599999999999909e+03 8.024853145154154932e-01
1.810599999999999909e+03 7.950958270456168764e-01
1.823599999999999909e+03 8.102535807877164764e-01
1.836799999999999955e+03 7.907889268179273401e-01
1.850099999999999909e+03 7.995115099361761457e-01
1.863400000000000091e+03 7.964573581962874904e-01
1.876900000000000091e+03 8.088243191559958412e-01
1.890400000000000091e+03 7.968752926821481841e-01
1.904099999999999909e+03 7.998503534613209398e-01
1.917799999999999955e+03 8.015445976332967737e-01
1.931700000000000045e+03 7.971218294629216494e-01
1.945599999999999909e+03 8.103861922353935432e-01
1.959700000000000045e+03 8.029879943646055507e-01
1.973799999999999955e+03 8.009554119108591719e-01
1.988099999999999909e+03 8.197671063971060379e-01
2.002500000000000000e+03 7.910419590497427267e-01
2.016900000000000091e+03 7.884567997986172694e-01
2.031500000000000000e+03 7.958497310600483043e-01
2.046200000000000045e+03 7.987993977854156435e-01
2.060900000000000091e+03 7.914057890834366171e-01
2.075800000000000182e+03 8.030039576293288572e-01
2.090800000000000182e+03 7.983661874461762675e-01
2.105900000000000091e+03 8.091919238010473192e-01
2.121099999999999909e+03 8.011291050761599752e-01
2.136400000000000091e+03 7.956549566103463533e-01
2.151900000000000091e+03 8.030797811218413074e-01
2.167400000000000091e+03 7.957531173690064463e-01
2.183000000000000000e+03 7.930007844272543016e-01
2.198800000000000182e+03 8.206016478929532010e-01
2.214699999999999818e+03 7.918667658392369857e-01
2.230699999999999818e+03 7.978470243758587488e-01
