# freq eta
3.539999999999999858e+01 9.650513193264667611e-02
3.560000000000000142e+01 8.065365261792500906e-02
3.589999999999999858e+01 1.035806301017932335e-01
3.610000000000000142e+01 9.402280934202930651e-02
3.639999999999999858e+01 1.028919666554097834e-01
3.660000000000000142e+01 1.197635235314369329e-01
3.689999999999999858e+01 8.894841820362663076e-02
3.720000000000000284e+01 9.659358806609145975e-02
3.739999999999999858e+01 1.056768011906944471e-01
3.770000000000000284e+01 9.906479075298842141e-02
3.800000000000000000e+01 9.071570350764200652e-02
3.829999999999999716e+01 8.133041810199582999e-02
3.850000000000000000e+01 9.414257741703489779e-02
3.879999999999999716e+01 9.806190373837685159e-02
3.910000000000000142e+01 1.031654467342409398e-01
3.939999999999999858e+01 9.689220115010410694e-02
3.970000000000000284e+01 8.895312404902321057e-02
4.000000000000000000e+01 1.106783675464718536e-01
4.020000000000000284e+01 1.036749312345492113e-01
4.050000000000000000e+01 9.577729873476656386e-02
4.079999999999999716e+01 1.038819854291125194e-01
4.110000000000000142e+01 1.053451617571002780e-01
4.139999999999999858e+01 9.539893075190254701e-02
4.170000000000000284e+01 9.635351998742514024e-02
4.200000000000000000e+01 1.035683639757157964e-01
4.229999999999999716e+01 1.115889673732711335e-01
4.260000000000000142e+01 1.060666486722833951e-01
4.289999999999999858e+01 1.048905504921610610e-01
4.320000000000000284e+01 1.004161968304790598e-01
4.360000000000000142e+01 9.306454669117808498e-02
4.389999999999999858e+01 9.001334430484118909e-02
4.420000000000000284e+01 9.792342038636731028e-02
4.450000000000000000e+01 1.008437447207806981e-01
4.479999999999999716e+01 1.046154582296051905e-01
4.520000000000000284e+01 9.602648305178464183e-02
4.550000000000000000e+01 9.082763171094988819e-02
4.579999999999999716e+01 9.170074861971538871e-02
4.610000000000000142e+01 1.012836898871583152e-01
4.650000000000000000e+01 1.002655722989665571e-01
4.679999999999999716e+01 1.020120027251815997e-01
4.710000000000000142e+01 9.534791588783128602e-02
4.750000000000000000e+01 1.065213015251444961e-01
4.779999999999999716e+01 9.944948725033339598e-02
4.820000000000000284e+01 1.135055837455592742e-01
4.850000000000000000e+01 9.859436469533915115e-02
4.889999999999999858e+01 1.097100674091234518e-01
4.920000000000000284e+01 1.015282502999722003e-01
4.960000000000000142e+01 9.592720889247008387e-02
4.989999999999999858e+01 8.499835857633983305e-02
5.029999999999999716e+01 1.077773954472508317e-01
5.070000000000000284e+01 1.146717963778545180e-01
5.100000000000000000e+01 1.109681115798233503e-01
5.139999999999999858e+01 9.836189164859918121e-02
5.179999999999999716e+01 9.512271899553406684e-02
5.210000000000000142e+01 1.035475229515514656e-01
5.250000000000000000e+01 1.035030148380984005e-01
5.289999999999999858e+01 1.018346828906422086e-01
5.329999999999999716e+01 8.609272630026280904e-02
5.370000000000000284e+01 9.448861052394819104e-02
5.410000000000000142e+01 1.080021213547622122e-01
5.439999999999999858e+01 8.376892293408085000e-02
5.479999999999999716e+01 1.047688311282653079e-01
5.520000000000000284e+01 8.734423189404645627e-02
5.560000000000000142e+01 9.948342275670100932e-02
5.600000000000000000e+01 9.098317423753822519e-02
5.639999999999999858e+01 1.116658284853370153e-01
5.679999999999999716e+01 9.796957330657102281e-02
5.729999999999999716e+01 9.492545389186114735e-02
5.770000000000000284e+01 1.051922384149004824e-01
5.810000000000000142e+01 9.356815324187429950e-02
5.850000000000000000e+01 1.038200347681391689e-01
5.889999999999999858e+01 1.059394025773560954e-01
5.939999999999999858e+01 9.607123718392823752e-02
5.979999999999999716e+01 9.127865973940313404e-02
6.020000000000000284e+01 9.385938224931836271e-02
6.060000000000000142e+01 1.039695951817517505e-01
6.110000000000000142e+01 1.041127179710191614e-01
6.150000000000000000e+01 9.731671058114946260e-02
6.200000000000000000e+01 8.952899640261113845e-02
6.239999999999999858e+01 9.367627439199814610e-02
6.289999999999999858e+01 1.014397937388067661e-01
6.329999999999999716e+01 1.032775647450854123e-01
6.379999999999999716e+01 1.029641546015154507e-01
6.420000000000000284e+01 8.528039157094707834e-02
6.470000000000000284e+01 9.805415562999586498e-02
6.520000000000000284e+01 1.171194392647185861e-01
6.559999999999999432e+01 9.374640811094515913e-02
6.609999999999999432e+01 1.002670620122604189e-01
6.659999999999999432e+01 1.147519874910744586e-01
6.709999999999999432e+01 1.016343637947938611e-01
6.759999999999999432e+01 1.138372949945757884e-01
6.800000000000000000e+01 9.335871280839486142e-02
6.850000000000000000e+01 1.157020778809376843e-01
6.900000000000000000e+01 9.837194004903505873e-02
6.950000000000000000e+01 1.021561139459256501e-01
7.000000000000000000e+01 9.967451614925142145e-02
7.050000000000000000e+01 9.684407657661757429e-02
7.100000000000000000e+01 8.903574671854923295e-02
7.159999999999999432e+01 9.036333789443355691e-02
7.209999999999999432e+01 8.803529393446489493e-02
7.259999999999999432e+01 9.270802140272489666e-02
7.309999999999999432e+01 9.767317327688418427e-02
7.370000000000000284e+01 8.856711087833067653e-02
7.420000000000000284e+01 9.042306311112947859e-02
7.470000000000000284e+01 8.316188363257068228e-02
7.529999999999999716e+01 1.210724823185779647e-01
7.579999999999999716e+01 1.096713229441422799e-01
7.640000000000000568e+01 9.804379961253763265e-02
7.690000000000000568e+01 9.062663536499045158e-02
7.750000000000000000e+01 1.156976345782764620e-01
7.800000000000000000e+01 8.553689899079473802e-02
7.859999999999999432e+01 9.008573484282078603e-02
7.909999999999999432e+01 9.230617279608527292e-02
7.970000000000000284e+01 1.031176065837863115e-01
8.029999999999999716e+01 1.041871348681833176e-01
8.090000000000000568e+01 9.849203902990472104e-02
8.150000000000000000e+01 9.932390860114023723e-02
8.200000000000000000e+01 1.043284046428270967e-01
8.259999999999999432e+01 1.064908461492138358e-01
8.320000000000000284e+01 9.444193286938432075e-02
8.379999999999999716e+01 9.709870475780797705e-02
8.440000000000000568e+01 1.043734972981255615e-01
8.509999999999999432e+01 9.968759652089279055e-02
8.570000000000000284e+01 9.981144984364730133e-02
8.629999999999999716e+01 1.065451327587238206e-01
8.690000000000000568e+01 1.058974521403018010e-01
8.750000000000000000e+01 1.009101452734723348e-01
8.820000000000000284e+01 9.596144669422232432e-02
8.879999999999999716e+01 1.029529108005882848e-01
8.940000000000000568e+01 1.039666674003961039e-01
9.009999999999999432e+01 1.047719179024137887e-01
9.070000000000000284e+01 9.571079949696638389e-02
9.140000000000000568e+01 9.279280372440661118e-02
9.209999999999999432e+01 9.643264737015637411e-02
9.270000000000000284e+01 1.100411103879593011e-01
9.340000000000000568e+01 9.429907704097127696e-02
9.409999999999999432e+01 9.827224137745654842e-02
9.470000000000000284e+01 9.770110585550249860e-02
9.540000000000000568e+01 1.048615806813558565e-01
9.609999999999999432e+01 1.042770123577918817e-01
9.679999999999999716e+01 9.428196267865221469e-02
9.750000000000000000e+01 1.074726372177215311e-01
9.820000000000000284e+01 1.059064823436308145e-01
9.890000000000000568e+01 1.055080960647678257e-01
9.959999999999999432e+01 1.012063016448378622e-01
1.004000000000000057e+02 1.009223802306189605e-01
1.010999999999999943e+02 9.911056513957350322e-02
1.017999999999999972e+02 9.593450895574570647e-02
1.025999999999999943e+02 1.044840334701661044e-01
1.032999999999999972e+02 1.008054080575667422e-01
1.040000000000000000e+02 1.100105359688189760e-01
1.047999999999999972e+02 9.510961718713401014e-02
1.055000000000000000e+02 1.108524353408964769e-01
1.062999999999999972e+02 9.518243912928728290e-02
1.070999999999999943e+02 9.030147117449204008e-02
1.077999999999999972e+02 1.024560587829368152e-01
1.085999999999999943e+02 1.051536755821660396e-01
1.094000000000000057e+02 9.586403633686525760e-02
1.102000000000000028e+02 1.002699735666000846e-01
1.110000000000000000e+02 9.900939569586916789e-02
1.117999999999999972e+02 1.067260408986361042e-01
1.125999999999999943e+02 1.054554990060361658e-01
1.134000000000000057e+02 9.770571921178884678e-02
1.142000000000000028e+02 1.026060352155883371e-01
1.150999999999999943e+02 1.030407982673696432e-01
1.159000000000000057e+02 1.026433161233579333e-01
1.167000000000000028e+02 1.039051769501729838e-01
1.175999999999999943e+02 9.691148236911345526e-02
1.184000000000000057e+02 1.026131875706635666e-01
1.192999999999999972e+02 1.021405471910297041e-01
1.200999999999999943e+02 1.040834538305769746e-01
1.210000000000000000e+02 1.055309177324281339e-01
1.219000000000000057e+02 1.015870955546481352e-01
1.227999999999999972e+02 1.007391558488247296e-01
1.235999999999999943e+02 1.044342779057440690e-01
1.245000000000000000e+02 1.018488025610530395e-01
1.254000000000000057e+02 1.012089878072269800e-01
1.262999999999999972e+02 1.030045711752477500e-01
1.272999999999999972e+02 9.154344613656141549e-02
1.281999999999999886e+02 1.052204836426179763e-01
1.290999999999999943e+02 9.774562591576434201e-02
1.300000000000000000e+02 9.976812231887953464e-02
1.310000000000000000e+02 9.584584686314419344e-02
1.319000000000000057e+02 1.015087442945592361e-01
1.329000000000000057e+02 1.029436003766724256e-01
1.338000000000000114e+02 1.045388044224458690e-01
1.348000000000000114e+02 9.836582561449011552e-02
1.358000000000000114e+02 1.056896173765950880e-01
1.368000000000000114e+02 1.028385362020894644e-01
1.376999999999999886e+02 9.619509598630425484e-02
1.386999999999999886e+02 1.037565984997017021e-01
1.396999999999999886e+02 1.038443155029819404e-01
1.406999999999999886e+02 9.640360406721074082e-02
1.418000000000000114e+02 1.012115507484567523e-01
1.428000000000000114e+02 9.970366661580681855e-02
1.438000000000000114e+02 1.085683493064636684e-01
1.449000000000000057e+02 9.496340376150723406e-02
1.459000000000000057e+02 1.002181403166154394e-01
1.470000000000000000e+02 9.577507648801729390e-02
1.480000000000000000e+02 1.024939686685857609e-01
1.490999999999999943e+02 9.569205036200514880e-02
1.501999999999999886e+02 8.882124410032264661e-02
1.511999999999999886e+02 9.996832360587973310e-02
1.523000000000000114e+02 9.708514436452692076e-02
1.534000000000000057e+02 1.003537269451032499e-01
1.545000000000000000e+02 1.015859414522777837e-01
1.556999999999999886e+02 1.024826922834855686e-01
1.568000000000000114e+02 9.956029423568427128e-02
1.579000000000000057e+02 1.034173127592805108e-01
1.590999999999999943e+02 9.802806156233018209e-02
1.601999999999999886e+02 9.635024657355467648e-02
1.614000000000000057e+02 1.021808307583536163e-01
1.625000000000000000e+02 1.033928583198644308e-01
1.636999999999999886e+02 9.667484575750694142e-02
1.649000000000000057e+02 9.685117258574846288e-02
1.660999999999999943e+02 9.926097074639947393e-02
1.673000000000000114e+02 9.785772815641732847e-02
1.685000000000000000e+02 9.440934210609727706e-02
1.696999999999999886e+02 1.010716845091288174e-01
1.709000000000000057e+02 9.996079130268696600e-02
1.721999999999999886e+02 1.067996680378838353e-01
1.734000000000000057e+02 1.008744187037452639e-01
1.746999999999999886e+02 1.011264275295951781e-01
1.759000000000000057e+02 9.858163354732167594e-02
1.771999999999999886e+02 1.033347496783434266e-01
1.785000000000000000e+02 1.016452851248146744e-01
1.798000000000000114e+02 1.025832920300767809e-01
1.810999999999999943e+02 9.454253383318818316e-02
1.824000000000000057e+02 9.924762600643648180e-02
1.836999999999999886e+02 1.030497563283325757e-01
1.850000000000000000e+02 1.041842979456578944e-01
1.863000000000000114e+02 1.029133838470149970e-01
1.876999999999999886e+02 9.493046186414601240e-02
1.890000000000000000e+02 1.025971561762607093e-01
1.904000000000000057e+02 9.693881867775779038e-02
1.918000000000000114e+02 9.932424286529333013e-02
1.931999999999999886e+02 1.004214649126806552e-01
1.945999999999999943e+02 9.474599098533174890e-02
1.960000000000000000e+02 1.009687776985473129e-01
1.974000000000000057e+02 1.011114242287847603e-01
1.988000000000000114e+02 9.939830275072530918e-02
2.001999999999999886e+02 1.011157022804913402e-01
2.016999999999999886e+02 1.025829570532288404e-01
2.030999999999999943e+02 9.605823175884296850e-02
2.045999999999999943e+02 9.824455776182650091e-02
2.060999999999999943e+02 1.051806506497850041e-01
2.075999999999999943e+02 1.039100709070447104e-01
2.090999999999999943e+02 1.030751064958582985e-01
2.105999999999999943e+02 9.698838310209179081e-02
2.120999999999999943e+02 9.810656329798796149e-02
2.135999999999999943e+02 1.038892208122009636e-01
2.151999999999999886e+02 9.850515894462036348e-02
2.166999999999999886e+02 1.004494048492693414e-01
2.183000000000000114e+02 1.027445773803228740e-01
2.199000000000000057e+02 9.982858585484244429e-02
2.215000000000000000e+02 9.970632942202124760e-02
2.230999999999999943e+02 1.001188677352695122e-01
2.246999999999999886e+02 9.646910673778431866e-02
2.263000000000000114e+02 1.038423712914334357e-01
2.279000000000000057e+02 1.003670502574014328e-01
2.295999999999999943e+02 1.003561159219721055e-01
2.311999999999999886e+02 1.026008075694491845e-01
2.329000000000000057e+02 9.843648415801257989e-02
2.345999999999999943e+02 9.768326554051681709e-02
2.363000000000000114e+02 9.613692730877415604e-02
2.380000000000000000e+02 9.914715166533319413e-02
2.396999999999999886e+02 1.033065880950839455e-01
2.414000000000000057e+02 9.360369101975078709e-02
2.431999999999999886e+02 1.045200751369647491e-01
2.449000000000000057e+02 9.913368732644181613e-02
2.466999999999999886e+02 9.793370287300968979e-02
2.485000000000000000e+02 9.839689434519142963e-02
2.503000000000000114e+02 1.069120453104217827e-01
2.520999999999999943e+02 1.025797458224292358e-01
2.539000000000000057e+02 1.002652770761211509e-01
2.556999999999999886e+02 1.011692774754385793e-01
2.576000000000000227e+02 9.808686742210175058e-02
2.595000000000000000e+02 1.000671648291076715e-01
2.613000000000000114e+02 9.735917807805279101e-02
2.631999999999999886e+02 9.859303106872051303e-02
2.651000000000000227e+02 1.021631328649795084e-01
2.670000000000000000e+02 9.959584080269490158e-02
2.690000000000000000e+02 9.819158180217167631e-02
2.708999999999999773e+02 1.022955578412047262e-01
2.728999999999999773e+02 1.008111669410160227e-01
2.748000000000000114e+02 9.915563543119224055e-02
2.768000000000000114e+02 1.013444283414104974e-01
2.788000000000000114e+02 9.752632966941521264e-02
2.808000000000000114e+02 9.791718690628890831e-02
2.828999999999999773e+02 1.034732997265409432e-01
2.848999999999999773e+02 1.011079400559787567e-01
2.870000000000000000e+02 1.040312850919184740e-01
2.890000000000000000e+02 1.016644119140697466e-01
2.911000000000000227e+02 1.009511930179664979e-01
2.931999999999999886e+02 9.972325506183397914e-02
2.953000000000000114e+02 1.011723218599667184e-01
2.975000000000000000e+02 9.913329384263606936e-02
2.996000000000000227e+02 9.553227811124663515e-02
3.018000000000000114e+02 1.008702821378605063e-01
3.040000000000000000e+02 1.009897669295668765e-01
3.061999999999999886e+02 1.005005848830513304e-01
3.083999999999999773e+02 9.995559459825351101e-02
3.106000000000000227e+02 9.857839753086661272e-02
3.128000000000000114e+02 9.873556695390137139e-02
3.151000000000000227e+02 1.005814220638688861e-01
3.173999999999999773e+02 1.029029569528480265e-01
3.196999999999999886e+02 1.040506665206154951e-01
3.220000000000000000e+02 9.809325183296285777e-02
3.243000000000000114e+02 1.006653461778212744e-01
3.266000000000000227e+02 1.015717022193410313e-01
3.290000000000000000e+02 9.990881920173351471e-02
3.313999999999999773e+02 1.001999473747294533e-01
3.338000000000000114e+02 1.002823813774524619e-01
3.361999999999999886e+02 1.000635784817885815e-01
3.386000000000000227e+02 1.029049493547556787e-01
3.410000000000000000e+02 1.017582827887501956e-01
3.435000000000000000e+02 9.939071793339519789e-02
3.460000000000000000e+02 1.014105737756676451e-01
3.485000000000000000e+02 1.030411021497107116e-01
3.510000000000000000e+02 9.890921583346848345e-02
3.535000000000000000e+02 9.919041794673147394e-02
3.561000000000000227e+02 1.013264949911346219e-01
3.586999999999999886e+02 9.764556627114780174e-02
3.613000000000000114e+02 9.917136778329797842e-02
3.638999999999999773e+02 9.761578795191866442e-02
3.665000000000000000e+02 1.018421633518923203e-01
3.691000000000000227e+02 9.998416323918103699e-02
3.718000000000000114e+02 9.969159154485458807e-02
3.745000000000000000e+02 9.840961834586617329e-02
3.771999999999999886e+02 1.025285444621831521e-01
3.798999999999999773e+02 9.879815538772289407e-02
3.826999999999999886e+02 9.566125163715413771e-02
3.853999999999999773e+02 9.844415363598263413e-02
3.881999999999999886e+02 9.923398945804688676e-02
3.910000000000000000e+02 9.975313318992720668e-02
3.938000000000000114e+02 1.003465460442659746e-01
3.966999999999999886e+02 9.626285709360683784e-02
3.995000000000000000e+02 9.736612709191144743e-02
4.023999999999999773e+02 9.852666354430381079e-02
4.053000000000000114e+02 9.527656168803251557e-02
4.083000000000000114e+02 1.014645008719790992e-01
4.111999999999999886e+02 9.957177481986589918e-02
4.141999999999999886e+02 9.974828031523327865e-02
4.171999999999999886e+02 9.794440813285262837e-02
4.201999999999999886e+02 9.841954713693341905e-02
4.231999999999999886e+02 9.960978457471512948e-02
4.263000000000000114e+02 9.849506663776687321e-02
4.293999999999999773e+02 9.688697380447966467e-02
4.325000000000000000e+02 9.951723487405354784e-02
4.356000000000000227e+02 9.980742251004673382e-02
4.386999999999999886e+02 9.945714940909750057e-02
4.418999999999999773e+02 9.994477166304809035e-02
4.451000000000000227e+02 9.912654490375270855e-02
4.483000000000000114e+02 1.002841279571782401e-01
4.515000000000000000e+02 9.913053026211247898e-02
4.548000000000000114e+02 1.013357354013716544e-01
4.581000000000000227e+02 9.932991644368352468e-02
4.613999999999999773e+02 1.012744299099347101e-01
4.646999999999999886e+02 1.014941909125780667e-01
4.681000000000000227e+02 9.990631598643343048e-02
4.715000000000000000e+02 1.005218684143564800e-01
4.748999999999999773e+02 1.013680254906175887e-01
4.783000000000000114e+02 1.008939503354543271e-01
4.816999999999999886e+02 1.008875899305755885e-01
4.851999999999999886e+02 1.017162798829688436e-01
4.886999999999999886e+02 1.002555599645474776e-01
4.923000000000000114e+02 9.891947618302812661e-02
4.958000000000000114e+02 1.009515258823559108e-01
4.993999999999999773e+02 1.025756609045656575e-01
5.030000000000000000e+02 9.819380139585959233e-02
5.066000000000000227e+02 9.932831622570177654e-02
5.103000000000000114e+02 9.919371487033436241e-02
5.140000000000000000e+02 1.010439998517275867e-01
5.177000000000000455e+02 1.003938900715746346e-01
5.213999999999999773e+02 1.018375122895567308e-01
5.252000000000000455e+02 9.936282451297352714e-02
5.290000000000000000e+02 9.573358556079623882e-02
5.327999999999999545e+02 1.009983824630911325e-01
5.366000000000000227e+02 9.946661660612787781e-02
5.405000000000000000e+02 9.853087839644129875e-02
5.443999999999999773e+02 9.859014679253516600e-02
5.483999999999999773e+02 1.028217029614688638e-01
5.522999999999999545e+02 1.008140739302393063e-01
5.562999999999999545e+02 9.659351412373845536e-02
5.602999999999999545e+02 1.015091140250275192e-01
5.643999999999999773e+02 1.009527215185623272e-01
5.683999999999999773e+02 9.974886732204095441e-02
5.725000000000000000e+02 1.002354060071837250e-01
5.767000000000000455e+02 1.008293544207441578e-01
5.807999999999999545e+02 1.016453079894330952e-01
5.850000000000000000e+02 1.021441172876795811e-01
5.892999999999999545e+02 9.940657656766077599e-02
5.935000000000000000e+02 1.004407707135391847e-01
5.977999999999999545e+02 9.992247534945215837e-02
6.021000000000000227e+02 1.011434011635799074e-01
6.065000000000000000e+02 9.857169610666627335e-02
6.108999999999999773e+02 9.898869335941161418e-02
6.152999999999999545e+02 1.002493862802146390e-01
6.197000000000000455e+02 1.016881375662398029e-01
6.242000000000000455e+02 9.879476036975048947e-02
6.287000000000000455e+02 1.005090111522852214e-01
6.332000000000000455e+02 1.013171669876090780e-01
6.377999999999999545e+02 9.982039150914411019e-02
6.423999999999999773e+02 9.996032457367642898e-02
6.470000000000000000e+02 1.012162049195574065e-01
6.517000000000000455e+02 9.850641430842946300e-02
6.563999999999999773e+02 1.013837662536950790e-01
6.612000000000000455e+02 9.967132301313286202e-02
6.658999999999999773e+02 1.004265220710790218e-01
6.707999999999999545e+02 1.001426377809830903e-01
6.756000000000000227e+02 1.014090146518699109e-01
6.805000000000000000e+02 1.017601084611929330e-01
6.853999999999999773e+02 9.878502915407780249e-02
6.902999999999999545e+02 9.845630575411806751e-02
6.952999999999999545e+02 9.922836380004623758e-02
7.002999999999999545e+02 1.002470858005319043e-01
7.053999999999999773e+02 9.931094332886478138e-02
7.105000000000000000e+02 1.009858691399434377e-01
7.156000000000000227e+02 9.993014339214864594e-02
7.207999999999999545e+02 9.968681300114101695e-02
7.260000000000000000e+02 9.745023590933903079e-02
7.312000000000000455e+02 1.002442902243224215e-01
7.365000000000000000e+02 1.002340882666679506e-01
7.417999999999999545e+02 1.011966653006227956e-01
7.472000000000000455e+02 9.834905902379184606e-02
7.526000000000000227e+02 9.961293644464745689e-02
7.580000000000000000e+02 9.911891976705083929e-02
7.635000000000000000e+02 1.005857853986928951e-01
7.690000000000000000e+02 9.909484834903484196e-02
7.746000000000000227e+02 9.962700324025022813e-02
7.802000000000000455e+02 1.009859215527044163e-01
7.857999999999999545e+02 9.754963230270717600e-02
7.915000000000000000e+02 9.978756951806444508e-02
7.972000000000000455e+02 9.998738826028313875e-02
8.028999999999999773e+02 9.889673445519561734e-02
8.087000000000000455e+02 1.014853209814489815e-01
8.146000000000000227e+02 1.015502814399449755e-01
8.205000000000000000e+02 1.006091758105519540e-01
8.263999999999999773e+02 1.002097957426067026e-01
8.323999999999999773e+02 1.009457487315792712e-01
8.383999999999999773e+02 9.955562189779429416e-02
8.443999999999999773e+02 1.009999059450926995e-01
8.505000000000000000e+02 1.030144878106844103e-01
8.567000000000000455e+02 9.951385470169084313e-02
8.628999999999999773e+02 1.018842258901112852e-01
8.691000000000000227e+02 9.927052990848510283e-02
8.753999999999999773e+02 1.012028418034559840e-01
8.817000000000000455e+02 1.008882920415832551e-01
8.881000000000000227e+02 1.001445932039875669e-01
8.945000000000000000e+02 1.002660209836105931e-01
9.008999999999999773e+02 9.949007214026574231e-02
9.073999999999999773e+02 9.976729788507818220e-02
9.140000000000000000e+02 9.894040191636220560e-02
9.206000000000000227e+02 9.829295637059655422e-02
9.272000000000000455e+02 1.016787039884270299e-01
9.338999999999999773e+02 9.797634915114555865e-02
9.407000000000000455e+02 9.792860498328419261e-02
9.475000000000000000e+02 1.001698923184829448e-01
9.542999999999999545e+02 9.909080689310136025e-02
9.612000000000000455e+02 1.005101635211549799e-01
9.681000000000000227e+02 9.900702935906839641e-02
9.751000000000000227e+02 1.004698485654058615e-01
9.822000000000000455e+02 1.002135584493438203e-01
9.892999999999999545e+02 9.758175012982146790e-02
9.963999999999999773e+02 1.020239909048142324e-01
1.003600000000000023e+03 9.975005359887285927e-02
1.010899999999999977e+03 9.679204251216050325e-02
1.018200000000000045e+03 9.948416108154752024e-02
1.025500000000000000e+03 9.763977014513584851e-02
1.032900000000000091e+03 9.987839328886405355e-02
1.040400000000000091e+03 1.004461961942131054e-01
1.047900000000000091e+03 9.846191418124179695e-02
1.055400000000000091e+03 1.013354006782716810e-01
1.063099999999999909e+03 9.959506339988266621e-02
1.070700000000000045e+03 9.924527201945121391e-02
1.078500000000000000e+03 9.989540218822215434e-02
1.086299999999999955e+03 1.010739078785174438e-01
1.094099999999999909e+03 9.859388693495271805e-02
1.102000000000000000e+03 1.000413098112521576e-01
1.110000000000000000e+03 1.021759118385931059e-01
1.118000000000000000e+03 1.012554065832319827e-01
1.126099999999999909e+03 9.985391861748427189e-02
1.134200000000000045e+03 1.000780458432915659e-01
1.142400000000000091e+03 1.006696922838970776e-01
1.150599999999999909e+03 9.803404906319287959e-02
1.158900000000000091e+03 9.979089571260792157e-02
1.167299999999999955e+03 9.889805537805533564e-02
1.175700000000000045e+03 9.794316330478236576e-02
1.184200000000000045e+03 9.860054800700519817e-02
1.192799999999999955e+03 1.000514127593759295e-01
1.201400000000000091e+03 9.803641194386114588e-02
1.210099999999999909e+03 9.872571122270111521e-02
1.218799999999999955e+03 1.006574302652054609e-01
1.227599999999999909e+03 1.009179701610671415e-01
1.236500000000000000e+03 1.012926469528232787e-01
1.245400000000000091e+03 1.005603589005482079e-01
1.254400000000000091e+03 1.002832451396272889e-01
1.263500000000000000e+03 1.014137017948608943e-01
1.272599999999999909e+03 1.027980279531109375e-01
1.281799999999999955e+03 1.018408702573679742e-01
1.291000000000000000e+03 1.005667277008748528e-01
1.300400000000000091e+03 9.996387913969036199e-02
1.309700000000000045e+03 9.891333540936629587e-02
1.319200000000000045e+03 9.937104213828261423e-02
1.328700000000000045e+03 1.011804001263115343e-01
1.338299999999999955e+03 1.000008820404647003e-01
1.348000000000000000e+03 1.000280070067482013e-01
1.357700000000000045e+03 1.014137852681649549e-01
1.367500000000000000e+03 9.905124208698024013e-02
1.377400000000000091e+03 9.877505553260665372e-02
1.387400000000000091e+03 1.001169742672702173e-01
1.397400000000000091e+03 1.012342512097977043e-01
1.407500000000000000e+03 9.946810925027091410e-02
1.417599999999999909e+03 9.998715371603111857e-02
1.427900000000000091e+03 9.884156291887087609e-02
1.438200000000000045e+03 1.016972571021529798e-01
1.448599999999999909e+03 1.016812079720839368e-01
1.459000000000000000e+03 1.014086616806822855e-01
1.469599999999999909e+03 1.009179052848442892e-01
1.480200000000000045e+03 9.931925596851369498e-02
1.490900000000000091e+03 9.988142637783044286e-02
1.501599999999999909e+03 1.012483744500592558e-01
1.512500000000000000e+03 1.001818605373334670e-01
1.523400000000000091e+03 9.968658797772385338e-02
1.534400000000000091e+03 9.982421734457944118e-02
1.545500000000000000e+03 9.872824289421694433e-02
1.556599999999999909e+03 9.805696969367651283e-02
1.567900000000000091e+03 9.977117514022065814e-02
1.579200000000000045e+03 9.942338249177315457e-02
1.590599999999999909e+03 1.012258792087630949e-01
1.602099999999999909e+03 9.957152659679090190e-02
1.613700000000000045e+03 9.871397534178748268e-02
1.625299999999999955e+03 9.950557997040537783e-02
1.637099999999999909e+03 1.003578821470650501e-01
1.648900000000000091e+03 1.003180248490190829e-01
1.660799999999999955e+03 9.935666890273241181e-02
1.672799999999999955e+03 9.954668561145511851e-02
1.684900000000000091e+03 9.964335464157372813e-02
1.697000000000000000e+03 9.871755537523915769e-02
1.709299999999999955e+03 1.001701478423298874e-01
1.721599999999999909e+03 9.965949741477296564e-02
1.734099999999999909e+03 9.841944673688415857e-02
1.746599999999999909e+03 9.997777412634648031e-02
1.759200000000000045e+03 1.011784930871878346e-01
1.771900000000000091e+03 1.007383800479287744e-01
1.784700000000000045e+03 9.869112242155550496e-02
1.797599999999999909e+03 9.928446276527223835e-02
1.810599999999999909e+03 9.963105438727043461e-02
1.823599999999999909e+03 1.001715211673047945e-01
1.836799999999999955e+03 1.000224951574227444e-01
1.850099999999999909e+03 1.004089359983518226e-01
1.863400000000000091e+03 9.812569780922590634e-02
1.876900000000000091e+03 1.002298271348696923e-01
1.890400000000000091e+03 9.871899037043445346e-02
1.904099999999999909e+03 1.011461933059585733e-01
1.917799999999999955e+03 9.943715900973898458e-02
1.931700000000000045e+03 1.005359559828025579e-01
1.945599999999999909e+03 1.004222862296157287e-01
1.959700000000000045e+03 1.008074721264047430e-01
1.973799999999999955e+03 1.012210489877438113e-01
1.988099999999999909e+03 9.913244689865734205e-02
2.002500000000000000e+03 1.010463016131048219e-01
2.016900000000000091e+03 1.001728888178926441e-01
2.031500000000000000e+03 1.012943718724026859e-01
2.046200000000000045e+03 1.004942333486592565e-01
2.060900000000000091e+03 9.904428518125847625e-02
2.075800000000000182e+03 1.014135129664314044e-01
2.090800000000000182e+03 9.886973160406929695e-02
2.105900000000000091e+03 1.010620677473353657e-01
2.121099999999999909e+03 1.008476526885007107e-01
2.136400000000000091e+03 9.971628519832602400e-02
2.151900000000000091e+03 1.009926960711016036e-01
2.167400000000000091e+03 9.984187328358594404e-02
2.183000000000000000e+03 9.983995995330018081e-02
2.198800000000000182e+03 1.001726200896691232e-01
2.214699999999999818e+03 1.012166583596798147e-01
2.230699999999999818e+03 1.004793283208739313e-01
