# freq eta
3.539999999999999858e+01 2.022783558295934148e-01
3.560000000000000142e+01 2.024792456882708314e-01
3.589999999999999858e+01 2.027997909336479443e-01
3.610000000000000142e+01 2.030246755071290488e-01
3.639999999999999858e+01 2.033762321926119443e-01
3.660000000000000142e+01 2.036210890083546832e-01
3.689999999999999858e+01 2.040030620410624163e-01
3.720000000000000284e+01 2.043976914824559010e-01
3.739999999999999858e+01 2.046694341885834656e-01
3.770000000000000284e+01 2.050879321356417484e-01
3.800000000000000000e+01 2.055152437428444390e-01
3.829999999999999716e+01 2.059543337376114891e-01
3.850000000000000000e+01 2.062518867064420669e-01
3.879999999999999716e+01 2.067040495555662605e-01
3.910000000000000142e+01 2.071611454854844214e-01
3.939999999999999858e+01 2.076239106516159783e-01
3.970000000000000284e+01 2.080907067289416990e-01
4.000000000000000000e+01 2.085603452128912960e-01
4.020000000000000284e+01 2.088750134930690283e-01
4.050000000000000000e+01 2.093486110067332706e-01
4.079999999999999716e+01 2.098223134039771121e-01
4.110000000000000142e+01 2.102960705974252220e-01
4.139999999999999858e+01 2.107682444480414030e-01
4.170000000000000284e+01 2.112381812714914653e-01
4.200000000000000000e+01 2.117075528239043269e-01
4.229999999999999716e+01 2.121743134387450991e-01
4.260000000000000142e+01 2.126362197467540072e-01
4.289999999999999858e+01 2.130941226336560135e-01
4.320000000000000284e+01 2.135466860128366617e-01
4.360000000000000142e+01 2.141419423419311518e-01
4.389999999999999858e+01 2.145797150963594524e-01
4.420000000000000284e+01 2.150125238608197320e-01
4.450000000000000000e+01 2.154372155548011647e-01
4.479999999999999716e+01 2.158539871815884359e-01
4.520000000000000284e+01 2.163979181930023865e-01
4.550000000000000000e+01 2.167959770341303938e-01
4.579999999999999716e+01 2.171841938449607934e-01
4.610000000000000142e+01 2.175640653790823498e-01
4.650000000000000000e+01 2.180541101407091897e-01
4.679999999999999716e+01 2.184081916904642429e-01
4.710000000000000142e+01 2.187532124282897117e-01
4.750000000000000000e+01 2.191930938237686421e-01
4.779999999999999716e+01 2.195076215204730397e-01
4.820000000000000284e+01 2.199079041110295618e-01
4.850000000000000000e+01 2.201892322632805765e-01
4.889999999999999858e+01 2.205460098440663042e-01
4.920000000000000284e+01 2.207920908611691879e-01
4.960000000000000142e+01 2.210971628123831467e-01
4.989999999999999858e+01 2.213034648844254548e-01
5.029999999999999716e+01 2.215513779188828525e-01
5.070000000000000284e+01 2.217644426233223720e-01
5.100000000000000000e+01 2.218986995497510273e-01
5.139999999999999858e+01 2.220436469281968916e-01
5.179999999999999716e+01 2.221444442333122826e-01
5.210000000000000142e+01 2.221921605614855244e-01
5.250000000000000000e+01 2.222115453528154261e-01
5.289999999999999858e+01 2.221770756206485620e-01
5.329999999999999716e+01 2.220866909801995359e-01
5.370000000000000284e+01 2.219340479528172094e-01
5.410000000000000142e+01 2.217152756811109904e-01
5.439999999999999858e+01 2.215047768007866735e-01
5.479999999999999716e+01 2.211536481867695803e-01
5.520000000000000284e+01 2.207178616412744099e-01
5.560000000000000142e+01 2.201928298912278481e-01
5.600000000000000000e+01 2.195663577643451603e-01
5.639999999999999858e+01 2.188327856132375460e-01
5.679999999999999716e+01 2.179852255863322374e-01
5.729999999999999716e+01 2.167413089329345288e-01
5.770000000000000284e+01 2.156028651722168288e-01
5.810000000000000142e+01 2.143080149164391379e-01
5.850000000000000000e+01 2.128583174191558125e-01
5.889999999999999858e+01 2.112436693958336387e-01
5.939999999999999858e+01 2.089778307566111659e-01
5.979999999999999716e+01 2.069618956400481879e-01
6.020000000000000284e+01 2.047634698236608375e-01
6.060000000000000142e+01 2.023823034193934778e-01
6.110000000000000142e+01 1.991563284733056105e-01
6.150000000000000000e+01 1.963935681268099420e-01
6.200000000000000000e+01 1.927440964584203331e-01
6.239999999999999858e+01 1.897006312751672863e-01
6.289999999999999858e+01 1.857990706205053522e-01
6.329999999999999716e+01 1.826491513881620121e-01
6.379999999999999716e+01 1.787498304819319095e-01
6.420000000000000284e+01 1.757143720013249200e-01
6.470000000000000284e+01 1.720955081430903533e-01
6.520000000000000284e+01 1.687366157015885992e-01
6.559999999999999432e+01 1.662733071706483934e-01
6.609999999999999432e+01 1.635084865757186201e-01
6.659999999999999432e+01 1.611063216032195267e-01
6.709999999999999432e+01 1.590727697340804936e-01
6.759999999999999432e+01 1.573973631992516831e-01
6.800000000000000000e+01 1.563023851965790745e-01
6.850000000000000000e+01 1.552208806214808168e-01
6.900000000000000000e+01 1.544333988348625952e-01
6.950000000000000000e+01 1.539092481805667822e-01
7.000000000000000000e+01 1.536224711067430970e-01
7.050000000000000000e+01 1.535524986244676537e-01
7.100000000000000000e+01 1.536699708397182562e-01
7.159999999999999432e+01 1.540291407799302403e-01
7.209999999999999432e+01 1.544937999775380655e-01
7.259999999999999432e+01 1.550843514056182149e-01
7.309999999999999432e+01 1.557904937073535112e-01
7.370000000000000284e+01 1.567660981711649915e-01
7.420000000000000284e+01 1.576738591611485663e-01
7.470000000000000284e+01 1.586553169259447005e-01
7.529999999999999716e+01 1.599118610076775415e-01
7.579999999999999716e+01 1.610151766908923532e-01
7.640000000000000568e+01 1.623894212196443643e-01
7.690000000000000568e+01 1.635665436759227709e-01
7.750000000000000000e+01 1.650051846445545478e-01
7.800000000000000000e+01 1.662170235252200257e-01
7.859999999999999432e+01 1.676762820805171583e-01
7.909999999999999432e+01 1.688889641245574502e-01
7.970000000000000284e+01 1.703273567364158025e-01
8.029999999999999716e+01 1.717451715026428183e-01
8.090000000000000568e+01 1.731331253739805121e-01
8.150000000000000000e+01 1.744848260782410621e-01
8.200000000000000000e+01 1.755798495258163172e-01
8.259999999999999432e+01 1.768546215878261940e-01
8.320000000000000284e+01 1.780822604480313265e-01
8.379999999999999716e+01 1.792615608847563935e-01
8.440000000000000568e+01 1.803927599066034726e-01
8.509999999999999432e+01 1.816493534650717445e-01
8.570000000000000284e+01 1.826729776746110756e-01
8.629999999999999716e+01 1.836474223461987132e-01
8.690000000000000568e+01 1.845752505982422298e-01
8.750000000000000000e+01 1.854556862001356110e-01
8.820000000000000284e+01 1.864265097629729251e-01
8.879999999999999716e+01 1.872108263030679565e-01
8.940000000000000568e+01 1.879547684373680250e-01
9.009999999999999432e+01 1.887718889801518751e-01
9.070000000000000284e+01 1.894299302112227856e-01
9.140000000000000568e+01 1.901523290757786144e-01
9.209999999999999432e+01 1.908273988442395208e-01
9.270000000000000284e+01 1.913702375554515167e-01
9.340000000000000568e+01 1.919623196306453339e-01
9.409999999999999432e+01 1.925157046788727178e-01
9.470000000000000284e+01 1.929566814551803566e-01
9.540000000000000568e+01 1.934372310413302321e-01
9.609999999999999432e+01 1.938824146515998048e-01
9.679999999999999716e+01 1.942925901193572336e-01
9.750000000000000000e+01 1.946703740595176479e-01
9.820000000000000284e+01 1.950160212873951193e-01
9.890000000000000568e+01 1.953320765211795373e-01
9.959999999999999432e+01 1.956189536216210723e-01
1.004000000000000057e+02 1.959089707063604857e-01
1.010999999999999943e+02 1.961342599999294778e-01
1.017999999999999972e+02 1.963301592817641161e-01
1.025999999999999943e+02 1.965218467391255386e-01
1.032999999999999972e+02 1.966604656725201572e-01
1.040000000000000000e+02 1.967715060007060035e-01
1.047999999999999972e+02 1.968625759103518613e-01
1.055000000000000000e+02 1.969136695246956059e-01
1.062999999999999972e+02 1.969372317962047036e-01
1.070999999999999943e+02 1.969219252178520396e-01
1.077999999999999972e+02 1.968757667588457161e-01
1.085999999999999943e+02 1.967850343370373956e-01
1.094000000000000057e+02 1.966519025670545318e-01
1.102000000000000028e+02 1.964762402961860999e-01
1.110000000000000000e+02 1.962553629871993943e-01
1.117999999999999972e+02 1.959852176206887675e-01
1.125999999999999943e+02 1.956666860274617059e-01
1.134000000000000057e+02 1.952971654144001479e-01
1.142000000000000028e+02 1.948741319685759477e-01
1.150999999999999943e+02 1.943322850530793400e-01
1.159000000000000057e+02 1.937929469359348789e-01
1.167000000000000028e+02 1.931974472475898319e-01
1.175999999999999943e+02 1.924616974361986199e-01
1.184000000000000057e+02 1.917518746174861066e-01
1.192999999999999972e+02 1.908946674833472690e-01
1.200999999999999943e+02 1.900864383397967983e-01
1.210000000000000000e+02 1.891355580997104713e-01
1.219000000000000057e+02 1.881524089969950353e-01
1.227999999999999972e+02 1.871533702281343303e-01
1.235999999999999943e+02 1.862674401145601177e-01
1.245000000000000000e+02 1.852891273218843227e-01
1.254000000000000057e+02 1.843486588995950637e-01
1.262999999999999972e+02 1.834639738425226374e-01
1.272999999999999972e+02 1.825644434835431151e-01
1.281999999999999886e+02 1.818397380616412762e-01
1.290999999999999943e+02 1.812042025901819120e-01
1.300000000000000000e+02 1.806577862275820512e-01
1.310000000000000000e+02 1.801537898502699742e-01
1.319000000000000057e+02 1.797904729234300059e-01
1.329000000000000057e+02 1.794780454527056257e-01
1.338000000000000114e+02 1.792700119005365411e-01
1.348000000000000114e+02 1.791144264078514681e-01
1.358000000000000114e+02 1.790273671779523401e-01
1.368000000000000114e+02 1.789996973717363216e-01
1.376999999999999886e+02 1.790212269667580958e-01
1.386999999999999886e+02 1.790887603838640652e-01
1.396999999999999886e+02 1.791971124892246803e-01
1.406999999999999886e+02 1.793421662799520866e-01
1.418000000000000114e+02 1.795389053970135873e-01
1.428000000000000114e+02 1.797505432443874396e-01
1.438000000000000114e+02 1.799875571742529656e-01
1.449000000000000057e+02 1.802790112461728211e-01
1.459000000000000057e+02 1.805687106850436541e-01
1.470000000000000000e+02 1.809144883522702529e-01
1.480000000000000000e+02 1.812509211487128014e-01
1.490999999999999943e+02 1.816451908969081708e-01
1.501999999999999886e+02 1.820624665322811975e-01
1.511999999999999886e+02 1.824603652105276363e-01
1.523000000000000114e+02 1.829170671351136312e-01
1.534000000000000057e+02 1.833915489120253872e-01
1.545000000000000000e+02 1.838809391386345415e-01
1.556999999999999886e+02 1.844302434915591482e-01
1.568000000000000114e+02 1.849439027786000944e-01
1.579000000000000057e+02 1.854661945778869891e-01
1.590999999999999943e+02 1.860410121986452170e-01
1.601999999999999886e+02 1.865719318809239968e-01
1.614000000000000057e+02 1.871501230823291728e-01
1.625000000000000000e+02 1.876788441206780900e-01
1.636999999999999886e+02 1.882530633497601913e-01
1.649000000000000057e+02 1.888204332440810984e-01
1.660999999999999943e+02 1.893821734562653736e-01
1.673000000000000114e+02 1.899355905516031118e-01
1.685000000000000000e+02 1.904798787942576510e-01
1.696999999999999886e+02 1.910138868549621227e-01
1.709000000000000057e+02 1.915383504269687343e-01
1.721999999999999886e+02 1.920934794796886058e-01
1.734000000000000057e+02 1.925945696527761319e-01
1.746999999999999886e+02 1.931226701489751618e-01
1.759000000000000057e+02 1.935972914675296030e-01
1.771999999999999886e+02 1.940982693106071688e-01
1.785000000000000000e+02 1.945796013405497460e-01
1.798000000000000114e+02 1.950455808651778700e-01
1.810999999999999943e+02 1.954931722617787582e-01
1.824000000000000057e+02 1.959203847537578091e-01
1.836999999999999886e+02 1.963269476480603570e-01
1.850000000000000000e+02 1.967129944781235151e-01
1.863000000000000114e+02 1.970746930035926769e-01
1.876999999999999886e+02 1.974374168392116213e-01
1.890000000000000000e+02 1.977455390822507320e-01
1.904000000000000057e+02 1.980476346698029078e-01
1.918000000000000114e+02 1.983140163898957642e-01
1.931999999999999886e+02 1.985433928035754136e-01
1.945999999999999943e+02 1.987314667782284494e-01
1.960000000000000000e+02 1.988779072853790741e-01
1.974000000000000057e+02 1.989785979946331052e-01
1.988000000000000114e+02 1.990319532206027420e-01
2.001999999999999886e+02 1.990360645247859495e-01
2.016999999999999886e+02 1.989840173776502852e-01
2.030999999999999943e+02 1.988850084734571921e-01
2.045999999999999943e+02 1.987236581918893352e-01
2.060999999999999943e+02 1.985108147107821353e-01
2.075999999999999943e+02 1.982507002286887643e-01
2.090999999999999943e+02 1.979517658943540648e-01
2.105999999999999943e+02 1.976217323010428795e-01
2.120999999999999943e+02 1.972682554297744140e-01
2.135999999999999943e+02 1.969017944942932641e-01
2.151999999999999886e+02 1.965032993163107755e-01
2.166999999999999886e+02 1.961305141571194899e-01
2.183000000000000114e+02 1.957403289895477683e-01
2.199000000000000057e+02 1.953639146020881567e-01
2.215000000000000000e+02 1.950020313138134120e-01
2.230999999999999943e+02 1.946596808985776028e-01
2.246999999999999886e+02 1.943367011079826234e-01
2.263000000000000114e+02 1.940341428774998989e-01
2.279000000000000057e+02 1.937521150344554133e-01
2.295999999999999943e+02 1.934757437506930133e-01
2.311999999999999886e+02 1.932364143022479164e-01
2.329000000000000057e+02 1.930035600047533273e-01
2.345999999999999943e+02 1.927938196081540601e-01
2.363000000000000114e+02 1.926056354725681485e-01
2.380000000000000000e+02 1.924415370119366420e-01
2.396999999999999886e+02 1.922982397902404106e-01
2.414000000000000057e+02 1.921759663840026389e-01
2.431999999999999886e+02 1.920703612804973981e-01
2.449000000000000057e+02 1.919929526857171442e-01
2.466999999999999886e+02 1.919325440428722995e-01
2.485000000000000000e+02 1.918944582558893830e-01
2.503000000000000114e+02 1.918769494179167756e-01
2.520999999999999943e+02 1.918800300038671913e-01
2.539000000000000057e+02 1.919012467329821725e-01
2.556999999999999886e+02 1.919407019687870974e-01
2.576000000000000227e+02 1.919985959655549079e-01
2.595000000000000000e+02 1.920733146102835964e-01
2.613000000000000114e+02 1.921573833895592609e-01
2.631999999999999886e+02 1.922577408651715558e-01
2.651000000000000227e+02 1.923689844755913370e-01
2.670000000000000000e+02 1.924899671761054754e-01
2.690000000000000000e+02 1.926252540667830748e-01
2.708999999999999773e+02 1.927595114355117045e-01
2.728999999999999773e+02 1.929069777641329309e-01
2.748000000000000114e+02 1.930473292831688670e-01
2.768000000000000114e+02 1.931979619161490191e-01
2.788000000000000114e+02 1.933460731442965541e-01
2.808000000000000114e+02 1.934920927863949536e-01
2.828999999999999773e+02 1.936416567114876419e-01
2.848999999999999773e+02 1.937757204284754620e-01
2.870000000000000000e+02 1.939092547275481637e-01
2.890000000000000000e+02 1.940275384019475580e-01
2.911000000000000227e+02 1.941397583030589902e-01
2.931999999999999886e+02 1.942407613220868134e-01
2.953000000000000114e+02 1.943287495137157594e-01
2.975000000000000000e+02 1.944082733491367398e-01
2.996000000000000227e+02 1.944699486128877441e-01
3.018000000000000114e+02 1.945224989147020522e-01
3.040000000000000000e+02 1.945605023073988249e-01
3.061999999999999886e+02 1.945874633431391443e-01
3.083999999999999773e+02 1.946024834144092219e-01
3.106000000000000227e+02 1.946075530088301753e-01
3.128000000000000114e+02 1.946025847369248218e-01
3.151000000000000227e+02 1.945895949372457856e-01
3.173999999999999773e+02 1.945688921890948719e-01
3.196999999999999886e+02 1.945438357956904007e-01
3.220000000000000000e+02 1.945146822921657581e-01
3.243000000000000114e+02 1.944826609188249067e-01
3.266000000000000227e+02 1.944518624606861590e-01
3.290000000000000000e+02 1.944185399135157366e-01
3.313999999999999773e+02 1.943879727728920481e-01
3.338000000000000114e+02 1.943611139446007607e-01
3.361999999999999886e+02 1.943387345781003028e-01
3.386000000000000227e+02 1.943215622446503033e-01
3.410000000000000000e+02 1.943097846828820696e-01
3.435000000000000000e+02 1.943052708063952305e-01
3.460000000000000000e+02 1.943082978509137471e-01
3.485000000000000000e+02 1.943196375427876932e-01
3.510000000000000000e+02 1.943412728575382165e-01
3.535000000000000000e+02 1.943713752879055456e-01
3.561000000000000227e+02 1.944155511836009598e-01
3.586999999999999886e+02 1.944728065180071630e-01
3.613000000000000114e+02 1.945430766450563509e-01
3.638999999999999773e+02 1.946276634789669557e-01
3.665000000000000000e+02 1.947288825359440034e-01
3.691000000000000227e+02 1.948457950833860086e-01
3.718000000000000114e+02 1.949845192549903017e-01
3.745000000000000000e+02 1.951416772249267850e-01
3.771999999999999886e+02 1.953171620677087716e-01
3.798999999999999773e+02 1.955111838354780252e-01
3.826999999999999886e+02 1.957311254537280332e-01
3.853999999999999773e+02 1.959592323051823348e-01
3.881999999999999886e+02 1.962151199787278977e-01
3.910000000000000000e+02 1.964852290619174824e-01
3.938000000000000114e+02 1.967708226303213903e-01
3.966999999999999886e+02 1.970801131239132420e-01
3.995000000000000000e+02 1.973892163871115990e-01
4.023999999999999773e+02 1.977162399069235799e-01
4.053000000000000114e+02 1.980495387392202100e-01
4.083000000000000114e+02 1.983936366588711087e-01
4.111999999999999886e+02 1.987231728012421872e-01
4.141999999999999886e+02 1.990540889464956498e-01
4.171999999999999886e+02 1.993695638482552157e-01
4.201999999999999886e+02 1.996614242417013296e-01
4.231999999999999886e+02 1.999242671855795961e-01
4.263000000000000114e+02 2.001604753885310728e-01
4.293999999999999773e+02 2.003554027867221199e-01
4.325000000000000000e+02 2.005042004318181581e-01
4.356000000000000227e+02 2.006067663437474113e-01
4.386999999999999886e+02 2.006642093117396441e-01
4.418999999999999773e+02 2.006759674172740315e-01
4.451000000000000227e+02 2.006467333153166555e-01
4.483000000000000114e+02 2.005800924002951735e-01
4.515000000000000000e+02 2.004819490501050239e-01
4.548000000000000114e+02 2.003543385638495711e-01
4.581000000000000227e+02 2.002059679465491293e-01
4.613999999999999773e+02 2.000423707604166990e-01
4.646999999999999886e+02 1.998681876980147043e-01
4.681000000000000227e+02 1.996815954170469420e-01
4.715000000000000000e+02 1.994917427798682530e-01
4.748999999999999773e+02 1.993017061439891768e-01
4.783000000000000114e+02 1.991142223944822320e-01
4.816999999999999886e+02 1.989320261674405177e-01
4.851999999999999886e+02 1.987502613803925344e-01
4.886999999999999886e+02 1.985792059952014854e-01
4.923000000000000114e+02 1.984135014528841667e-01
4.958000000000000114e+02 1.982654585185806007e-01
4.993999999999999773e+02 1.981258165713476183e-01
5.030000000000000000e+02 1.980018937365639609e-01
5.066000000000000227e+02 1.978930904736359297e-01
5.103000000000000114e+02 1.977982333617952504e-01
5.140000000000000000e+02 1.977187299413185051e-01
5.177000000000000455e+02 1.976573450083259631e-01
5.213999999999999773e+02 1.976117758535250457e-01
5.252000000000000455e+02 1.975826095211035693e-01
5.290000000000000000e+02 1.975698486753436622e-01
5.327999999999999545e+02 1.975740958870274844e-01
5.366000000000000227e+02 1.975945827735005045e-01
5.405000000000000000e+02 1.976339018479384702e-01
5.443999999999999773e+02 1.976879943976908860e-01
5.483999999999999773e+02 1.977612013349101250e-01
5.522999999999999545e+02 1.978472185855275067e-01
5.562999999999999545e+02 1.979488607457897398e-01
5.602999999999999545e+02 1.980626257395532719e-01
5.643999999999999773e+02 1.981883268562909250e-01
5.683999999999999773e+02 1.983180560291394057e-01
5.725000000000000000e+02 1.984531221190663774e-01
5.767000000000000455e+02 1.985908291537421821e-01
5.807999999999999545e+02 1.987196644627052533e-01
5.850000000000000000e+02 1.988430485194686848e-01
5.892999999999999545e+02 1.989577425636142038e-01
5.935000000000000000e+02 1.990554933953805061e-01
5.977999999999999545e+02 1.991392037401537030e-01
6.021000000000000227e+02 1.992066493667060956e-01
6.065000000000000000e+02 1.992606089152315352e-01
6.108999999999999773e+02 1.992985738154909869e-01
6.152999999999999545e+02 1.993238408414313989e-01
6.197000000000000455e+02 1.993381021065719627e-01
6.242000000000000455e+02 1.993444915762247471e-01
6.287000000000000455e+02 1.993458522065599536e-01
6.332000000000000455e+02 1.993432470903541420e-01
6.377999999999999545e+02 1.993419174877965605e-01
6.423999999999999773e+02 1.993429367189775703e-01
6.470000000000000000e+02 1.993486465461324630e-01
6.517000000000000455e+02 1.993621958448539566e-01
6.563999999999999773e+02 1.993847940177307931e-01
6.612000000000000455e+02 1.994203650268416561e-01
6.658999999999999773e+02 1.994677733764435024e-01
6.707999999999999545e+02 1.995323950180333816e-01
6.756000000000000227e+02 1.996115459413068116e-01
6.805000000000000000e+02 1.997101172833937177e-01
6.853999999999999773e+02 1.998261976746644741e-01
6.902999999999999545e+02 1.999599989242347442e-01
6.952999999999999545e+02 2.001144613761362268e-01
7.002999999999999545e+02 2.002851800828563400e-01
7.053999999999999773e+02 2.004729601048828580e-01
7.105000000000000000e+02 2.006721754638673971e-01
7.156000000000000227e+02 2.008781624150679790e-01
7.207999999999999545e+02 2.010896702349715404e-01
7.260000000000000000e+02 2.012972017171964778e-01
7.312000000000000455e+02 2.014943642930311918e-01
7.365000000000000000e+02 2.016790363485703175e-01
7.417999999999999545e+02 2.018406918266996974e-01
7.472000000000000455e+02 2.019788476613160744e-01
7.526000000000000227e+02 2.020863988699675706e-01
7.580000000000000000e+02 2.021625028305978344e-01
7.635000000000000000e+02 2.022073578905307090e-01
7.690000000000000000e+02 2.022197374266444803e-01
7.746000000000000227e+02 2.022026179363836940e-01
7.802000000000000455e+02 2.021578269903688274e-01
7.857999999999999545e+02 2.020893239584311829e-01
7.915000000000000000e+02 2.019984670306121388e-01
7.972000000000000455e+02 2.018911090110846740e-01
8.028999999999999773e+02 2.017705698608766030e-01
8.087000000000000455e+02 2.016393969842969480e-01
8.146000000000000227e+02 2.015005269892185258e-01
8.205000000000000000e+02 2.013599344742161290e-01
8.263999999999999773e+02 2.012218618515910773e-01
8.323999999999999773e+02 2.010873411267785626e-01
8.383999999999999773e+02 2.009618199993408738e-01
8.443999999999999773e+02 2.008478290879145145e-01
8.505000000000000000e+02 2.007459287027341388e-01
8.567000000000000455e+02 2.006586988255078807e-01
8.628999999999999773e+02 2.005889384381499552e-01
8.691000000000000227e+02 2.005375538706158922e-01
8.753999999999999773e+02 2.005047020339646158e-01
8.817000000000000455e+02 2.004911221930304188e-01
8.881000000000000227e+02 2.004968221822733820e-01
8.945000000000000000e+02 2.005207111203188286e-01
9.008999999999999773e+02 2.005616426024650067e-01
9.073999999999999773e+02 2.006181075387385437e-01
9.140000000000000000e+02 2.006883052312870841e-01
9.206000000000000227e+02 2.007676617129638130e-01
9.272000000000000455e+02 2.008521266925258897e-01
9.338999999999999773e+02 2.009383863947338533e-01
9.407000000000000455e+02 2.010223540367906958e-01
9.475000000000000000e+02 2.010990184931063796e-01
9.542999999999999545e+02 2.011655687999026332e-01
9.612000000000000455e+02 2.012209803895770310e-01
9.681000000000000227e+02 2.012635517657916651e-01
9.751000000000000227e+02 2.012946135840615880e-01
9.822000000000000455e+02 2.013154932486767024e-01
9.892999999999999545e+02 2.013275284799446452e-01
9.963999999999999773e+02 2.013340018479826132e-01
1.003600000000000023e+03 2.013372055603919741e-01
1.010899999999999977e+03 2.013403884414446399e-01
1.018200000000000045e+03 2.013452123801795501e-01
1.025500000000000000e+03 2.013538243160793162e-01
1.032900000000000091e+03 2.013677362083696465e-01
1.040400000000000091e+03 2.013887558222051954e-01
1.047900000000000091e+03 2.014174902440502568e-01
1.055400000000000091e+03 2.014556183688141489e-01
1.063099999999999909e+03 2.015050273854001872e-01
1.070700000000000045e+03 2.015646787870801759e-01
1.078500000000000000e+03 2.016380000267848915e-01
1.086299999999999955e+03 2.017235159439928760e-01
1.094099999999999909e+03 2.018205878358620142e-01
1.102000000000000000e+03 2.019288957431351894e-01
1.110000000000000000e+03 2.020465710275113902e-01
1.118000000000000000e+03 2.021683850865331755e-01
1.126099999999999909e+03 2.022917642448384123e-01
1.134200000000000045e+03 2.024105289765500693e-01
1.142400000000000091e+03 2.025203504357331319e-01
1.150599999999999909e+03 2.026159762867215108e-01
1.158900000000000091e+03 2.026944545182720603e-01
1.167299999999999955e+03 2.027518711448081656e-01
1.175700000000000045e+03 2.027866332423499118e-01
1.184200000000000045e+03 2.027975275354236273e-01
1.192799999999999955e+03 2.027852804500911432e-01
1.201400000000000091e+03 2.027504540489887541e-01
1.210099999999999909e+03 2.026949261492438648e-01
1.218799999999999955e+03 2.026219775349885621e-01
1.227599999999999909e+03 2.025331479799269419e-01
1.236500000000000000e+03 2.024315352097716125e-01
1.245400000000000091e+03 2.023216992471840170e-01
1.254400000000000091e+03 2.022055787477144984e-01
1.263500000000000000e+03 2.020875681653371281e-01
1.272599999999999909e+03 2.019718349756596532e-01
1.281799999999999955e+03 2.018609465156200600e-01
1.291000000000000000e+03 2.017597934762193068e-01
1.300400000000000091e+03 2.016694826796732176e-01
1.309700000000000045e+03 2.015954215324220200e-01
1.319200000000000045e+03 2.015384000907382289e-01
1.328700000000000045e+03 2.015005086456731209e-01
1.338299999999999955e+03 2.014828935066287352e-01
1.348000000000000000e+03 2.014851499262955425e-01
1.357700000000000045e+03 2.015058923962329551e-01
1.367500000000000000e+03 2.015431521180264529e-01
1.377400000000000091e+03 2.015930535483555774e-01
1.387400000000000091e+03 2.016527027391101234e-01
1.397400000000000091e+03 2.017162002039066537e-01
1.407500000000000000e+03 2.017807570427758157e-01
1.417599999999999909e+03 2.018411433111579611e-01
1.427900000000000091e+03 2.018959807030928366e-01
1.438200000000000045e+03 2.019417672261221708e-01
1.448599999999999909e+03 2.019763319499152110e-01
1.459000000000000000e+03 2.019998786970461646e-01
1.469599999999999909e+03 2.020124266826199833e-01
1.480200000000000045e+03 2.020142807823975262e-01
1.490900000000000091e+03 2.020066613635773389e-01
1.501599999999999909e+03 2.019915115645518067e-01
1.512500000000000000e+03 2.019700614923854165e-01
1.523400000000000091e+03 2.019449585045015594e-01
1.534400000000000091e+03 2.019176311543803282e-01
1.545500000000000000e+03 2.018913144529731196e-01
1.556599999999999909e+03 2.018661391771032210e-01
1.567900000000000091e+03 2.018461590366833758e-01
1.579200000000000045e+03 2.018319910160248642e-01
1.590599999999999909e+03 2.018250252400570210e-01
1.602099999999999909e+03 2.018267198892777503e-01
1.613700000000000045e+03 2.018374948560785198e-01
1.625299999999999955e+03 2.018554554786034239e-01
1.637099999999999909e+03 2.018817360173622566e-01
1.648900000000000091e+03 2.019132137622408618e-01
1.660799999999999955e+03 2.019476422298632223e-01
1.672799999999999955e+03 2.019831702250312611e-01
1.684900000000000091e+03 2.020162823597275170e-01
1.697000000000000000e+03 2.020452183824883452e-01
1.709299999999999955e+03 2.020664733541996938e-01
1.721599999999999909e+03 2.020774528252229640e-01
1.734099999999999909e+03 2.020781283664364603e-01
1.746599999999999909e+03 2.020654126856875621e-01
1.759200000000000045e+03 2.020411903191812741e-01
1.771900000000000091e+03 2.020041029732029814e-01
1.784700000000000045e+03 2.019553382639402428e-01
1.797599999999999909e+03 2.018966278767957423e-01
1.810599999999999909e+03 2.018288702549211056e-01
1.823599999999999909e+03 2.017546343902816286e-01
1.836799999999999955e+03 2.016740996602624514e-01
1.850099999999999909e+03 2.015896731591985402e-01
1.863400000000000091e+03 2.015035363943792068e-01
1.876900000000000091e+03 2.014157235379921418e-01
1.890400000000000091e+03 2.013288810619392188e-01
1.904099999999999909e+03 2.012429074649922378e-01
1.917799999999999955e+03 2.011605130312791034e-01
1.931700000000000045e+03 2.010813716713749089e-01
1.945599999999999909e+03 2.010077844729811769e-01
1.959700000000000045e+03 2.009393526113103789e-01
1.973799999999999955e+03 2.008780860299856641e-01
1.988099999999999909e+03 2.008234628498387631e-01
2.002500000000000000e+03 2.007755006102318329e-01
2.016900000000000091e+03 2.007352379740945381e-01
2.031500000000000000e+03 2.007009969194222254e-01
2.046200000000000045e+03 2.006721738156862500e-01
2.060900000000000091e+03 2.006478661729267643e-01
2.075800000000000182e+03 2.006271753656016232e-01
2.090800000000000182e+03 2.006094261232361786e-01
2.105900000000000091e+03 2.005923696998358485e-01
2.121099999999999909e+03 2.005778061583302352e-01
2.136400000000000091e+03 2.005650483233535619e-01
2.151900000000000091e+03 2.005553442110942219e-01
2.167400000000000091e+03 2.005489354910020283e-01
2.183000000000000000e+03 2.005477043379187696e-01
2.198800000000000182e+03 2.005517051289104069e-01
2.214699999999999818e+03 2.005635410998355406e-01
2.230699999999999818e+03 2.005832920085042770e-01
