# freq eta
3.539999999999999858e+01 1.893381595136233719e-01
3.560000000000000142e+01 2.057632355645277189e-01
3.589999999999999858e+01 2.089284435848298704e-01
3.610000000000000142e+01 1.960098825859324656e-01
3.639999999999999858e+01 2.027340456235863231e-01
3.660000000000000142e+01 1.911446289324274794e-01
3.689999999999999858e+01 1.988804632860197708e-01
3.720000000000000284e+01 1.998691800427105092e-01
3.739999999999999858e+01 1.957666959821320329e-01
3.770000000000000284e+01 1.975405237679657422e-01
3.800000000000000000e+01 1.957863800089696682e-01
3.829999999999999716e+01 2.118706365666529479e-01
3.850000000000000000e+01 2.005141354020198163e-01
3.879999999999999716e+01 2.062820316163746226e-01
3.910000000000000142e+01 2.076320548829015677e-01
3.939999999999999858e+01 1.994621658459194147e-01
3.970000000000000284e+01 2.003060352432216029e-01
4.000000000000000000e+01 2.015252220560916907e-01
4.020000000000000284e+01 2.016491856641079161e-01
4.050000000000000000e+01 2.029928468611092718e-01
4.079999999999999716e+01 1.980947465474617308e-01
4.110000000000000142e+01 2.032945874459938240e-01
4.139999999999999858e+01 1.990230696850548431e-01
4.170000000000000284e+01 1.940951423766236195e-01
4.200000000000000000e+01 2.003743561471145185e-01
4.229999999999999716e+01 1.939655864312971600e-01
4.260000000000000142e+01 2.055417412703294811e-01
4.289999999999999858e+01 2.033935275241787466e-01
4.320000000000000284e+01 2.041713311596052571e-01
4.360000000000000142e+01 1.950113019813140003e-01
4.389999999999999858e+01 2.030236468506813885e-01
4.420000000000000284e+01 2.087725555009762590e-01
4.450000000000000000e+01 1.983231121927659102e-01
4.479999999999999716e+01 2.068971074563191737e-01
4.520000000000000284e+01 1.994768056754197272e-01
4.550000000000000000e+01 1.944956941765976499e-01
4.579999999999999716e+01 2.076970806187981577e-01
4.610000000000000142e+01 2.063810162973316320e-01
4.650000000000000000e+01 2.086285034310384201e-01
4.679999999999999716e+01 1.971941236772807304e-01
4.710000000000000142e+01 2.004704237366897457e-01
4.750000000000000000e+01 1.937247088222740221e-01
4.779999999999999716e+01 1.978199393777958504e-01
4.820000000000000284e+01 1.989849925933173946e-01
4.850000000000000000e+01 2.042333049124648026e-01
4.889999999999999858e+01 2.019136814000332403e-01
4.920000000000000284e+01 2.033302132853637423e-01
4.960000000000000142e+01 1.984804089854490250e-01
4.989999999999999858e+01 1.994571617662601049e-01
5.029999999999999716e+01 1.970297868013531351e-01
5.070000000000000284e+01 2.036066680405812790e-01
5.100000000000000000e+01 1.985322825976413574e-01
5.139999999999999858e+01 2.044963500666910072e-01
5.179999999999999716e+01 2.025610556938347018e-01
5.210000000000000142e+01 2.050044780278703072e-01
5.250000000000000000e+01 1.871123243719823304e-01
5.289999999999999858e+01 1.954013567523257555e-01
5.329999999999999716e+01 2.020813940221982685e-01
5.370000000000000284e+01 2.013895105863769130e-01
5.410000000000000142e+01 1.967541038062264880e-01
5.439999999999999858e+01 1.940872992046400181e-01
5.479999999999999716e+01 1.955711284199316558e-01
5.520000000000000284e+01 2.007289105811383700e-01
5.560000000000000142e+01 1.947152896858069804e-01
5.600000000000000000e+01 1.967688778309145958e-01
5.639999999999999858e+01 2.060083527676022375e-01
5.679999999999999716e+01 2.018020646644583804e-01
5.729999999999999716e+01 1.981131274618249671e-01
5.770000000000000284e+01 1.922140829451434441e-01
5.810000000000000142e+01 1.977238086880698520e-01
5.850000000000000000e+01 2.019040056748707956e-01
5.889999999999999858e+01 1.999595763116668590e-01
5.939999999999999858e+01 2.014876177280492398e-01
5.979999999999999716e+01 1.967489633707363295e-01
6.020000000000000284e+01 2.054663611213220220e-01
6.060000000000000142e+01 1.915006976718360565e-01
6.110000000000000142e+01 1.968346511875062044e-01
6.150000000000000000e+01 2.010936464307934435e-01
6.200000000000000000e+01 2.022879870328487539e-01
6.239999999999999858e+01 2.024746494387670570e-01
6.289999999999999858e+01 2.019949543771684675e-01
6.329999999999999716e+01 2.011023753841067740e-01
6.379999999999999716e+01 2.046156773622769820e-01
6.420000000000000284e+01 1.929852301205334242e-01
6.470000000000000284e+01 1.982155286925889881e-01
6.520000000000000284e+01 2.059456057578134547e-01
6.559999999999999432e+01 2.006556152041522323e-01
6.609999999999999432e+01 2.012357318748854429e-01
6.659999999999999432e+01 1.959812189656731651e-01
6.709999999999999432e+01 1.944359754040618227e-01
6.759999999999999432e+01 2.005421487187913632e-01
6.800000000000000000e+01 2.071991726763448560e-01
6.850000000000000000e+01 2.121489126943832682e-01
6.900000000000000000e+01 2.010202773601277304e-01
6.950000000000000000e+01 1.923930886595397738e-01
7.000000000000000000e+01 1.999192270779894254e-01
7.050000000000000000e+01 1.994762291314671199e-01
7.100000000000000000e+01 2.104182217971840851e-01
7.159999999999999432e+01 1.969689340079367468e-01
7.209999999999999432e+01 1.981762856387148941e-01
7.259999999999999432e+01 1.956008093148443316e-01
7.309999999999999432e+01 1.946325094140970435e-01
7.370000000000000284e+01 2.006614825041264372e-01
7.420000000000000284e+01 1.948616974101579358e-01
7.470000000000000284e+01 1.985970676894017184e-01
7.529999999999999716e+01 1.979343929399006996e-01
7.579999999999999716e+01 1.961147441165178862e-01
7.640000000000000568e+01 2.037058485495238380e-01
7.690000000000000568e+01 2.021875454366682812e-01
7.750000000000000000e+01 2.056803834020473343e-01
7.800000000000000000e+01 2.059042524230967064e-01
7.859999999999999432e+01 2.091025302649952289e-01
7.909999999999999432e+01 1.981802158901899702e-01
7.970000000000000284e+01 1.966427928062432773e-01
8.029999999999999716e+01 2.079329860601217828e-01
8.090000000000000568e+01 2.025635779531701763e-01
8.150000000000000000e+01 1.969119132422255392e-01
8.200000000000000000e+01 1.980164461713657398e-01
8.259999999999999432e+01 2.007099352779659895e-01
8.320000000000000284e+01 1.977660585360455914e-01
8.379999999999999716e+01 1.967973587913541544e-01
8.440000000000000568e+01 2.007749010765471354e-01
8.509999999999999432e+01 1.964966911398576543e-01
8.570000000000000284e+01 1.968951521130350435e-01
8.629999999999999716e+01 2.023034533927749179e-01
8.690000000000000568e+01 1.987523134650398537e-01
8.750000000000000000e+01 1.976700426556606272e-01
8.820000000000000284e+01 2.058316420215620390e-01
8.879999999999999716e+01 2.031134879654469816e-01
8.940000000000000568e+01 1.994542894238333641e-01
9.009999999999999432e+01 2.132579418746742839e-01
9.070000000000000284e+01 1.957459344820266511e-01
9.140000000000000568e+01 1.984241861044215016e-01
9.209999999999999432e+01 1.982321901941284936e-01
9.270000000000000284e+01 1.996738810937799258e-01
9.340000000000000568e+01 2.016074618804901963e-01
9.409999999999999432e+01 1.981800684797277168e-01
9.470000000000000284e+01 2.032742951458419434e-01
9.540000000000000568e+01 2.017457298078458028e-01
9.609999999999999432e+01 2.059971874936645242e-01
9.679999999999999716e+01 1.994472202031031816e-01
9.750000000000000000e+01 2.014312535231869428e-01
9.820000000000000284e+01 1.990570320957512906e-01
9.890000000000000568e+01 1.995427389943209839e-01
9.959999999999999432e+01 1.991296288121934543e-01
1.004000000000000057e+02 1.973359543919839532e-01
1.010999999999999943e+02 2.027248239601620872e-01
1.017999999999999972e+02 2.016122235701016396e-01
1.025999999999999943e+02 2.011227674062136261e-01
1.032999999999999972e+02 2.003159832890078484e-01
1.040000000000000000e+02 1.993890624274469447e-01
1.047999999999999972e+02 2.014297399761237617e-01
1.055000000000000000e+02 2.002752177667627975e-01
1.062999999999999972e+02 1.997338613057001722e-01
1.070999999999999943e+02 1.969461418494450888e-01
1.077999999999999972e+02 2.066599740189771495e-01
1.085999999999999943e+02 1.997678658907956484e-01
1.094000000000000057e+02 2.012552622102379563e-01
1.102000000000000028e+02 1.982133818262301617e-01
1.110000000000000000e+02 2.019032486012856953e-01
1.117999999999999972e+02 2.011101135661740313e-01
1.125999999999999943e+02 1.979465418677520128e-01
1.134000000000000057e+02 2.037434443473290502e-01
1.142000000000000028e+02 2.020740935399944205e-01
1.150999999999999943e+02 1.960066155536166477e-01
1.159000000000000057e+02 1.960649272400489807e-01
1.167000000000000028e+02 1.985558852836391552e-01
1.175999999999999943e+02 1.969355504844863547e-01
1.184000000000000057e+02 1.998411706913533759e-01
1.192999999999999972e+02 1.986225791863848178e-01
1.200999999999999943e+02 1.946629143749847579e-01
1.210000000000000000e+02 2.038065612294023554e-01
1.219000000000000057e+02 1.973279678609896615e-01
1.227999999999999972e+02 2.029198288327807853e-01
1.235999999999999943e+02 2.020107394491449382e-01
1.245000000000000000e+02 2.013948096405649146e-01
1.254000000000000057e+02 2.020358959725530590e-01
1.262999999999999972e+02 2.007114491607957796e-01
1.272999999999999972e+02 1.999361025807341874e-01
1.281999999999999886e+02 2.013185220004146958e-01
1.290999999999999943e+02 2.012053604389919814e-01
1.300000000000000000e+02 2.056501089596048937e-01
1.310000000000000000e+02 1.994673095083487890e-01
1.319000000000000057e+02 2.009008619895124026e-01
1.329000000000000057e+02 1.992633864422893586e-01
1.338000000000000114e+02 1.972381614747393264e-01
1.348000000000000114e+02 1.991163246478296067e-01
1.358000000000000114e+02 1.989627570422209668e-01
1.368000000000000114e+02 2.024073678279795507e-01
1.376999999999999886e+02 2.001472804045638931e-01
1.386999999999999886e+02 1.978703716071492091e-01
1.396999999999999886e+02 2.016226635985688131e-01
1.406999999999999886e+02 2.023520226488989826e-01
1.418000000000000114e+02 2.021472860082937917e-01
1.428000000000000114e+02 2.005574277350845591e-01
1.438000000000000114e+02 1.969966428422612603e-01
1.449000000000000057e+02 2.013718939056176604e-01
1.459000000000000057e+02 2.023494051315710140e-01
1.470000000000000000e+02 2.027162360200185642e-01
1.480000000000000000e+02 1.992538113458065530e-01
1.490999999999999943e+02 2.026906428259244997e-01
1.501999999999999886e+02 1.971279258818934566e-01
1.511999999999999886e+02 2.025509162113972583e-01
1.523000000000000114e+02 1.959620112439843520e-01
1.534000000000000057e+02 1.995450516784807449e-01
1.545000000000000000e+02 1.978288773594796823e-01
1.556999999999999886e+02 2.017066390658844022e-01
1.568000000000000114e+02 1.971036827460132257e-01
1.579000000000000057e+02 1.986574072878027619e-01
1.590999999999999943e+02 2.008589089139808659e-01
1.601999999999999886e+02 2.002999298524733296e-01
1.614000000000000057e+02 2.009097449392819312e-01
1.625000000000000000e+02 1.999932412517518021e-01
1.636999999999999886e+02 2.041200995558359599e-01
1.649000000000000057e+02 2.028794654650772633e-01
1.660999999999999943e+02 1.982133118008063133e-01
1.673000000000000114e+02 2.019447142783455940e-01
1.685000000000000000e+02 1.994520922265811957e-01
1.696999999999999886e+02 2.006808343316297538e-01
1.709000000000000057e+02 2.007636107755598476e-01
1.721999999999999886e+02 2.003769391841418446e-01
1.734000000000000057e+02 1.981405068013997184e-01
1.746999999999999886e+02 1.990153112962362580e-01
1.759000000000000057e+02 1.983556191162548776e-01
1.771999999999999886e+02 2.004415783225497738e-01
1.785000000000000000e+02 1.961810385756067865e-01
1.798000000000000114e+02 1.985766909133330482e-01
1.810999999999999943e+02 1.993354930984940765e-01
1.824000000000000057e+02 2.025580171074438662e-01
1.836999999999999886e+02 1.992882880254617517e-01
1.850000000000000000e+02 2.009822836983366223e-01
1.863000000000000114e+02 1.982870008102260717e-01
1.876999999999999886e+02 1.990536468430841588e-01
1.890000000000000000e+02 2.005671457766365906e-01
1.904000000000000057e+02 1.988615512388446083e-01
1.918000000000000114e+02 1.987520369619707739e-01
1.931999999999999886e+02 2.000770011781767554e-01
1.945999999999999943e+02 2.024115942697969350e-01
1.960000000000000000e+02 1.987566232085033746e-01
1.974000000000000057e+02 2.013368821122839547e-01
1.988000000000000114e+02 1.992074490713609536e-01
2.001999999999999886e+02 2.004309528502558335e-01
2.016999999999999886e+02 1.996009004283527122e-01
2.030999999999999943e+02 1.998618670394450292e-01
2.045999999999999943e+02 1.990954555820829142e-01
2.060999999999999943e+02 1.990473922862252554e-01
2.075999999999999943e+02 1.979277698965829779e-01
2.090999999999999943e+02 2.008232219822683462e-01
2.105999999999999943e+02 2.002385826709902061e-01
2.120999999999999943e+02 1.977324458768476567e-01
2.135999999999999943e+02 2.023113434531081389e-01
2.151999999999999886e+02 1.992121179261211739e-01
2.166999999999999886e+02 1.986153125902336836e-01
2.183000000000000114e+02 2.000312932224577456e-01
2.199000000000000057e+02 2.014970063430210068e-01
2.215000000000000000e+02 2.010842035609899936e-01
2.230999999999999943e+02 1.991795754629714366e-01
2.246999999999999886e+02 1.976472529517164234e-01
2.263000000000000114e+02 2.011165791003380054e-01
2.279000000000000057e+02 1.994583051786593675e-01
2.295999999999999943e+02 1.981591684422333022e-01
2.311999999999999886e+02 1.985740921829963757e-01
2.329000000000000057e+02 2.002477242848208772e-01
2.345999999999999943e+02 2.007411779936866814e-01
2.363000000000000114e+02 1.998951849596500019e-01
2.380000000000000000e+02 2.002028834572129878e-01
2.396999999999999886e+02 1.988539224354054225e-01
2.414000000000000057e+02 2.006216628901600352e-01
2.431999999999999886e+02 2.000556018222456323e-01
2.449000000000000057e+02 2.011955421937706712e-01
2.466999999999999886e+02 1.991272376338579508e-01
2.485000000000000000e+02 1.977493504689864512e-01
2.503000000000000114e+02 2.002153086126509662e-01
2.520999999999999943e+02 1.995746543251395166e-01
2.539000000000000057e+02 2.000138792025194512e-01
2.556999999999999886e+02 1.996742469015237720e-01
2.576000000000000227e+02 2.024295026074293680e-01
2.595000000000000000e+02 1.980161985084031018e-01
2.613000000000000114e+02 1.986384859572097039e-01
2.631999999999999886e+02 1.987913807016130352e-01
2.651000000000000227e+02 2.016497539150102769e-01
2.670000000000000000e+02 2.005736327660860574e-01
2.690000000000000000e+02 1.986801304881565255e-01
2.708999999999999773e+02 2.016785490380796353e-01
2.728999999999999773e+02 2.012999821101892906e-01
2.748000000000000114e+02 2.031939553545732968e-01
2.768000000000000114e+02 1.993421905294460450e-01
2.788000000000000114e+02 2.006588980489568130e-01
2.808000000000000114e+02 2.003251843825308853e-01
2.828999999999999773e+02 1.991845952568149503e-01
2.848999999999999773e+02 1.999593815656221241e-01
2.870000000000000000e+02 2.000466993578693398e-01
2.890000000000000000e+02 1.984253558498608183e-01
2.911000000000000227e+02 2.012661746452755751e-01
2.931999999999999886e+02 2.003537385578509356e-01
2.953000000000000114e+02 2.020260523724873025e-01
2.975000000000000000e+02 1.999544734992337314e-01
2.996000000000000227e+02 1.998022462484743966e-01
3.018000000000000114e+02 1.994642492918606014e-01
3.040000000000000000e+02 1.986483635771492950e-01
3.061999999999999886e+02 1.998011321505230586e-01
3.083999999999999773e+02 2.002297302932044276e-01
3.106000000000000227e+02 1.990523313701021701e-01
3.128000000000000114e+02 1.984070783356774725e-01
3.151000000000000227e+02 2.021263767966126612e-01
3.173999999999999773e+02 1.991674360537350474e-01
3.196999999999999886e+02 1.985380412887844115e-01
3.220000000000000000e+02 1.968405009602167410e-01
3.243000000000000114e+02 1.990071053246347810e-01
3.266000000000000227e+02 1.993436228189057746e-01
3.290000000000000000e+02 1.991605935700604402e-01
3.313999999999999773e+02 1.983655030506195627e-01
3.338000000000000114e+02 1.992290916337678963e-01
3.361999999999999886e+02 1.989480298292868321e-01
3.386000000000000227e+02 2.013824878494869242e-01
3.410000000000000000e+02 2.025650129624539386e-01
3.435000000000000000e+02 1.991765001674472568e-01
3.460000000000000000e+02 2.004985689158241546e-01
3.485000000000000000e+02 2.011006353427965410e-01
3.510000000000000000e+02 1.999334372054199505e-01
3.535000000000000000e+02 1.994978786163536244e-01
3.561000000000000227e+02 2.004552430209811109e-01
3.586999999999999886e+02 2.012389207245218747e-01
3.613000000000000114e+02 1.989806219894556527e-01
3.638999999999999773e+02 1.992107595480448468e-01
3.665000000000000000e+02 2.004723702930003015e-01
3.691000000000000227e+02 2.016329639778178806e-01
3.718000000000000114e+02 2.004963121420065830e-01
3.745000000000000000e+02 1.976480503957337154e-01
3.771999999999999886e+02 1.993444417178224515e-01
3.798999999999999773e+02 2.016393459496022000e-01
3.826999999999999886e+02 2.000528286451486448e-01
3.853999999999999773e+02 1.980959895573618235e-01
3.881999999999999886e+02 2.003603430436223520e-01
3.910000000000000000e+02 1.999474479099330737e-01
3.938000000000000114e+02 2.001095686779501837e-01
3.966999999999999886e+02 1.990164540929428016e-01
3.995000000000000000e+02 1.985297658449289016e-01
4.023999999999999773e+02 1.994590888652836014e-01
4.053000000000000114e+02 1.991268058335224633e-01
4.083000000000000114e+02 2.015750237639255538e-01
4.111999999999999886e+02 1.990170453243306214e-01
4.141999999999999886e+02 2.015396911678948022e-01
4.171999999999999886e+02 2.003263293099228348e-01
4.201999999999999886e+02 2.001895866872190899e-01
4.231999999999999886e+02 2.018022610488883484e-01
4.263000000000000114e+02 1.972933210044265639e-01
4.293999999999999773e+02 2.021916801228556271e-01
4.325000000000000000e+02 2.012486886276604325e-01
4.356000000000000227e+02 2.019549733656582635e-01
4.386999999999999886e+02 2.000449702194152801e-01
4.418999999999999773e+02 1.984162605656012157e-01
4.451000000000000227e+02 1.984446810746919032e-01
4.483000000000000114e+02 1.998255193792264628e-01
4.515000000000000000e+02 1.989152874693552175e-01
4.548000000000000114e+02 1.994186420654768532e-01
4.581000000000000227e+02 1.974192383757439884e-01
4.613999999999999773e+02 2.009619635151970174e-01
4.646999999999999886e+02 2.011734463925090310e-01
4.681000000000000227e+02 1.997582478775217218e-01
4.715000000000000000e+02 2.001336889002982289e-01
4.748999999999999773e+02 1.992765046652232863e-01
4.783000000000000114e+02 2.000301549510414556e-01
4.816999999999999886e+02 2.006550142028797057e-01
4.851999999999999886e+02 1.995167908606182983e-01
4.886999999999999886e+02 1.994199516464453259e-01
4.923000000000000114e+02 2.009092315330073542e-01
4.958000000000000114e+02 1.992010205362319819e-01
4.993999999999999773e+02 2.010997754073963473e-01
5.030000000000000000e+02 1.987501961909382553e-01
5.066000000000000227e+02 2.002335322892016822e-01
5.103000000000000114e+02 2.000504251985876780e-01
5.140000000000000000e+02 1.978578101444231352e-01
5.177000000000000455e+02 1.998506470002217039e-01
5.213999999999999773e+02 1.993489840742682373e-01
5.252000000000000455e+02 2.004715303000269289e-01
5.290000000000000000e+02 2.007201367389350455e-01
5.327999999999999545e+02 1.988597104840417740e-01
5.366000000000000227e+02 2.014501729606548164e-01
5.405000000000000000e+02 1.996566814909384591e-01
5.443999999999999773e+02 2.002093260303031419e-01
5.483999999999999773e+02 2.009061404168189235e-01
5.522999999999999545e+02 1.987487616831263848e-01
5.562999999999999545e+02 2.010908846884361112e-01
5.602999999999999545e+02 2.009011565848581038e-01
5.643999999999999773e+02 2.008921127306279586e-01
5.683999999999999773e+02 1.992200258772032218e-01
5.725000000000000000e+02 2.021710072934909674e-01
5.767000000000000455e+02 2.015050231886254539e-01
5.807999999999999545e+02 2.007379677939886975e-01
5.850000000000000000e+02 1.978267092165726937e-01
5.892999999999999545e+02 2.007302794645780819e-01
5.935000000000000000e+02 2.001083247688767164e-01
5.977999999999999545e+02 2.006389800763369036e-01
6.021000000000000227e+02 2.005147913393031944e-01
6.065000000000000000e+02 1.999992716636149470e-01
6.108999999999999773e+02 1.999856961467763039e-01
6.152999999999999545e+02 2.012951122791497294e-01
6.197000000000000455e+02 1.996932921223863178e-01
6.242000000000000455e+02 2.010801368659053401e-01
6.287000000000000455e+02 1.997521680346050765e-01
6.332000000000000455e+02 1.979159991929766993e-01
6.377999999999999545e+02 2.009375934708334810e-01
6.423999999999999773e+02 2.003961640145129064e-01
6.470000000000000000e+02 1.992904325947776334e-01
6.517000000000000455e+02 1.998572403715697943e-01
6.563999999999999773e+02 1.999595509344695710e-01
6.612000000000000455e+02 1.985621099852178661e-01
6.658999999999999773e+02 1.998306296446768215e-01
6.707999999999999545e+02 1.999410858629988852e-01
6.756000000000000227e+02 1.997111084251301794e-01
6.805000000000000000e+02 2.001396466741390545e-01
6.853999999999999773e+02 1.988784667276849161e-01
6.902999999999999545e+02 2.004798681328829602e-01
6.952999999999999545e+02 1.997782254615306508e-01
7.002999999999999545e+02 2.008123567636550810e-01
7.053999999999999773e+02 2.012150668990226876e-01
7.105000000000000000e+02 1.990031483387113831e-01
7.156000000000000227e+02 1.987755000593555976e-01
7.207999999999999545e+02 2.001646463237546636e-01
7.260000000000000000e+02 2.000535567956696903e-01
7.312000000000000455e+02 2.000274080892496531e-01
7.365000000000000000e+02 1.995351078016868451e-01
7.417999999999999545e+02 1.996367857722937955e-01
7.472000000000000455e+02 2.003381615920434289e-01
7.526000000000000227e+02 1.996006421982692014e-01
7.580000000000000000e+02 2.002483969602256164e-01
7.635000000000000000e+02 2.007019814562698290e-01
7.690000000000000000e+02 1.988661150082476348e-01
7.746000000000000227e+02 2.001967777270579341e-01
7.802000000000000455e+02 2.004460227560237451e-01
7.857999999999999545e+02 1.995994138275639651e-01
7.915000000000000000e+02 1.993953368447316243e-01
7.972000000000000455e+02 2.003497843482592577e-01
8.028999999999999773e+02 2.018896814289407593e-01
8.087000000000000455e+02 2.009948699931119187e-01
8.146000000000000227e+02 1.995487804471773319e-01
8.205000000000000000e+02 2.010457962166395107e-01
8.263999999999999773e+02 2.020169545849394843e-01
8.323999999999999773e+02 1.989837242117445115e-01
8.383999999999999773e+02 2.010618577816558616e-01
8.443999999999999773e+02 2.009100236208300194e-01
8.505000000000000000e+02 2.016147208013764625e-01
8.567000000000000455e+02 1.990312211072526871e-01
8.628999999999999773e+02 2.001130264736606656e-01
8.691000000000000227e+02 2.009721088398561395e-01
8.753999999999999773e+02 1.993000532995083118e-01
8.817000000000000455e+02 2.023969190445625288e-01
8.881000000000000227e+02 1.996507414551365323e-01
8.945000000000000000e+02 1.978967591653355007e-01
9.008999999999999773e+02 1.991983244488317872e-01
9.073999999999999773e+02 2.005731305598170422e-01
9.140000000000000000e+02 1.995741966722401339e-01
9.206000000000000227e+02 2.007596114435367396e-01
9.272000000000000455e+02 2.008075658981239298e-01
9.338999999999999773e+02 2.012205281319961458e-01
9.407000000000000455e+02 1.990578691110257148e-01
9.475000000000000000e+02 2.010972743581066480e-01
9.542999999999999545e+02 1.991953127125083434e-01
9.612000000000000455e+02 1.993354500482603098e-01
9.681000000000000227e+02 1.980954582706118683e-01
9.751000000000000227e+02 2.009331388036468269e-01
9.822000000000000455e+02 1.996301278978920013e-01
9.892999999999999545e+02 2.004634372382081142e-01
9.963999999999999773e+02 2.000322217974785932e-01
1.003600000000000023e+03 1.994934320356853696e-01
1.010899999999999977e+03 2.001693196063407676e-01
1.018200000000000045e+03 1.986914569502323535e-01
1.025500000000000000e+03 2.006587646250372614e-01
1.032900000000000091e+03 1.999323721070922488e-01
1.040400000000000091e+03 2.001749300527253250e-01
1.047900000000000091e+03 2.004590772121124798e-01
1.055400000000000091e+03 2.000433986655068830e-01
1.063099999999999909e+03 2.004575667943851169e-01
1.070700000000000045e+03 2.010959111675130473e-01
1.078500000000000000e+03 2.001372018241130701e-01
1.086299999999999955e+03 1.998681190037416566e-01
1.094099999999999909e+03 1.991310816148600393e-01
1.102000000000000000e+03 2.001231497442701179e-01
1.110000000000000000e+03 1.992576872713421876e-01
1.118000000000000000e+03 2.003395438779152771e-01
1.126099999999999909e+03 2.004260161303241805e-01
1.134200000000000045e+03 2.005348744855939835e-01
1.142400000000000091e+03 2.004519949569184833e-01
1.150599999999999909e+03 2.011249663574540825e-01
1.158900000000000091e+03 1.987918875626826787e-01
1.167299999999999955e+03 2.008139512715102770e-01
1.175700000000000045e+03 2.000874280523111115e-01
1.184200000000000045e+03 2.003009091825917187e-01
1.192799999999999955e+03 2.001743748400370282e-01
1.201400000000000091e+03 2.003040295535671034e-01
1.210099999999999909e+03 2.002199178941207469e-01
1.218799999999999955e+03 2.012710128586277514e-01
1.227599999999999909e+03 1.999815103054298771e-01
1.236500000000000000e+03 2.002925643634240194e-01
1.245400000000000091e+03 2.011528258709001649e-01
1.254400000000000091e+03 1.993619071011167310e-01
1.263500000000000000e+03 1.996134489204706430e-01
1.272599999999999909e+03 2.016493279666899119e-01
1.281799999999999955e+03 1.998675518715929411e-01
1.291000000000000000e+03 1.995742394179619572e-01
1.300400000000000091e+03 2.006382267409849707e-01
1.309700000000000045e+03 1.995440016928433091e-01
1.319200000000000045e+03 1.997994079443464188e-01
1.328700000000000045e+03 1.991264331693656520e-01
1.338299999999999955e+03 2.010705671123022842e-01
1.348000000000000000e+03 2.001127238330437930e-01
1.357700000000000045e+03 1.991904133281490741e-01
1.367500000000000000e+03 2.000855528264195715e-01
1.377400000000000091e+03 2.003178993995231860e-01
1.387400000000000091e+03 2.000834412630205505e-01
1.397400000000000091e+03 2.006624418224522699e-01
1.407500000000000000e+03 1.994564888085096632e-01
1.417599999999999909e+03 1.994245932952317946e-01
1.427900000000000091e+03 1.992693079373770992e-01
1.438200000000000045e+03 2.010319876607971901e-01
1.448599999999999909e+03 1.995352632465954568e-01
1.459000000000000000e+03 2.004049194525789057e-01
1.469599999999999909e+03 1.996851346282532413e-01
1.480200000000000045e+03 2.004754253683158904e-01
1.490900000000000091e+03 1.995828506846540340e-01
1.501599999999999909e+03 2.000437754657568012e-01
1.512500000000000000e+03 1.998642537008720743e-01
1.523400000000000091e+03 1.990409654965336894e-01
1.534400000000000091e+03 2.004886213208279255e-01
1.545500000000000000e+03 1.993884540710111619e-01
1.556599999999999909e+03 1.988674840781004816e-01
1.567900000000000091e+03 1.987270420515875879e-01
1.579200000000000045e+03 2.002122620204860592e-01
1.590599999999999909e+03 1.994340402378555754e-01
1.602099999999999909e+03 2.005729296182624244e-01
1.613700000000000045e+03 1.991450306959934025e-01
1.625299999999999955e+03 2.004200036923450279e-01
1.637099999999999909e+03 2.005353962530851963e-01
1.648900000000000091e+03 1.986951327838263059e-01
1.660799999999999955e+03 2.000941704498458151e-01
1.672799999999999955e+03 2.003953874134890567e-01
1.684900000000000091e+03 1.989331485685976175e-01
1.697000000000000000e+03 2.005489848035147404e-01
1.709299999999999955e+03 2.003631170635897796e-01
1.721599999999999909e+03 2.004299159739621750e-01
1.734099999999999909e+03 1.988856695273486797e-01
1.746599999999999909e+03 2.007020492891754271e-01
1.759200000000000045e+03 1.987804737366541952e-01
1.771900000000000091e+03 1.994670018891135654e-01
1.784700000000000045e+03 1.998926541903350285e-01
1.797599999999999909e+03 2.000704219236345560e-01
1.810599999999999909e+03 1.995115977963276277e-01
1.823599999999999909e+03 1.996732042389942618e-01
1.836799999999999955e+03 2.000708320622874015e-01
1.850099999999999909e+03 2.004100034056557622e-01
1.863400000000000091e+03 1.993676532571864723e-01
1.876900000000000091e+03 1.997785807301419581e-01
1.890400000000000091e+03 2.007961312455386060e-01
1.904099999999999909e+03 2.002526125029618354e-01
1.917799999999999955e+03 1.994437272173681663e-01
1.931700000000000045e+03 1.994968366852780395e-01
1.945599999999999909e+03 2.000469097466625878e-01
1.959700000000000045e+03 1.999121376039293407e-01
1.973799999999999955e+03 2.009066257417811974e-01
1.988099999999999909e+03 2.011567177403133788e-01
2.002500000000000000e+03 2.001957739619281695e-01
2.016900000000000091e+03 1.999071829210812834e-01
2.031500000000000000e+03 2.009880268352918220e-01
2.046200000000000045e+03 2.007860616195534242e-01
2.060900000000000091e+03 1.997219238452988266e-01
2.075800000000000182e+03 1.999208119520169691e-01
2.090800000000000182e+03 1.993170496266116476e-01
2.105900000000000091e+03 1.999442177879746374e-01
2.121099999999999909e+03 2.004090062076606671e-01
2.136400000000000091e+03 2.000144781121215853e-01
2.151900000000000091e+03 1.995587526498333319e-01
2.167400000000000091e+03 2.004300193256567664e-01
2.183000000000000000e+03 2.002391628825100633e-01
2.198800000000000182e+03 1.998140147664408395e-01
2.214699999999999818e+03 2.002974359069440990e-01
2.230699999999999818e+03 1.993317308433779078e-01
