# NonDimLength  RelLossFactorError
3.540000e+01 5.330920e-02 9.134281e-03 6.702750e-03 1.706665e-01
3.560000e+01 2.881618e-02 9.356458e-02 6.113528e-02 2.656636e-01
3.590000e+01 4.464222e-02 4.021751e-02 5.694609e-02 2.465916e-01
3.610000e+01 1.995059e-02 5.331326e-02 9.198958e-02 2.083320e-01
3.640000e+01 1.367023e-02 6.337019e-02 6.329001e-02 2.550658e-02
3.660000e+01 4.427686e-02 4.872308e-03 4.523524e-02 6.689594e-02
3.690000e+01 5.597684e-03 6.943587e-02 1.305452e-01 1.937683e-02
3.720000e+01 6.540998e-04 1.043342e-02 5.358516e-02 6.944753e-02
3.740000e+01 2.116652e-02 6.880641e-04 7.623965e-02 9.406917e-02
3.770000e+01 1.229738e-02 2.494132e-02 6.909321e-03 1.419863e-01
3.800000e+01 2.106810e-02 4.366092e-02 3.060553e-02 2.774227e-02
3.830000e+01 5.935318e-02 1.026687e-02 7.905140e-02 1.704225e-01
3.850000e+01 2.570677e-03 8.385949e-03 3.508144e-02 2.611820e-01
3.880000e+01 3.141016e-02 4.211075e-02 6.302409e-02 3.106653e-01
3.910000e+01 3.816027e-02 1.135169e-02 1.955706e-02 8.201249e-02
3.940000e+01 2.689171e-03 1.405242e-02 3.363007e-02 7.644314e-02
3.970000e+01 1.530176e-03 1.411764e-02 1.216023e-01 2.660319e-01
4.000000e+01 7.626110e-03 1.287102e-02 7.455535e-02 1.574044e-01
4.020000e+01 8.245928e-03 1.556637e-02 7.102253e-02 5.321749e-02
4.050000e+01 1.496423e-02 4.932892e-02 2.555878e-02 1.658271e-02
4.080000e+01 9.526267e-03 1.071873e-02 2.705424e-02 2.250283e-01
4.110000e+01 1.647294e-02 2.997283e-02 1.273846e-01 3.685875e-02
4.140000e+01 4.884652e-03 3.079210e-02 5.159636e-02 1.150754e-01
4.170000e+01 2.952429e-02 1.467475e-02 3.148859e-02 1.772162e-01
4.200000e+01 1.871781e-03 6.192594e-03 4.283011e-03 3.645789e-01
4.230000e+01 3.017207e-02 1.174259e-02 5.228712e-02 8.625924e-02
4.260000e+01 2.770871e-02 4.884315e-02 7.276991e-02 2.342779e-01
4.290000e+01 1.696764e-02 5.787047e-02 2.029938e-01 5.006215e-02
4.320000e+01 2.085666e-02 4.375921e-02 8.873957e-02 4.206419e-02
4.360000e+01 2.494349e-02 3.938124e-02 6.721957e-02 6.137394e-02
4.390000e+01 1.511823e-02 7.793581e-03 6.708202e-02 7.648785e-02
4.420000e+01 4.386278e-02 7.219512e-03 7.827193e-02 1.515949e-01
4.450000e+01 8.384439e-03 3.463860e-02 2.690933e-02 3.955933e-02
4.480000e+01 3.448554e-02 2.058921e-02 1.022531e-01 3.386874e-01
4.520000e+01 2.615972e-03 6.712328e-02 3.737253e-02 1.905177e-01
4.550000e+01 2.752153e-02 7.500585e-03 1.035218e-01 1.032083e-01
4.580000e+01 3.848540e-02 4.396444e-02 1.327507e-03 2.065319e-02
4.610000e+01 3.190508e-02 3.040953e-02 7.002374e-03 1.680692e-01
4.650000e+01 4.314252e-02 5.868289e-03 3.556966e-02 3.536172e-01
4.680000e+01 1.402938e-02 1.277819e-02 5.175454e-02 1.844278e-01
4.710000e+01 2.352119e-03 1.737252e-02 7.563667e-02 5.565956e-02
4.750000e+01 3.137646e-02 4.166087e-02 8.833787e-02 2.159020e-01
4.780000e+01 1.090030e-02 3.947788e-02 1.112195e-02 2.952958e-01
4.820000e+01 5.075037e-03 5.641079e-02 1.426844e-03 1.605539e-02
4.850000e+01 2.116652e-02 3.194379e-03 8.082706e-02 1.009240e-01
4.890000e+01 9.568407e-03 2.276630e-02 2.617296e-02 1.241971e-01
4.920000e+01 1.665107e-02 1.803620e-02 1.607846e-01 3.105993e-01
4.960000e+01 7.597955e-03 3.476487e-02 3.936547e-02 3.799037e-01
4.990000e+01 2.714191e-03 3.775138e-02 1.202308e-02 1.702484e-01
5.030000e+01 1.485107e-02 6.378953e-02 1.442847e-01 7.084388e-02
5.070000e+01 1.803334e-02 4.946507e-02 9.540735e-03 1.766084e-01
5.100000e+01 7.338587e-03 3.502590e-02 2.412559e-02 4.950202e-02
5.140000e+01 2.248175e-02 1.060516e-01 1.091206e-01 2.133399e-01
5.180000e+01 1.280528e-02 9.986988e-02 1.931813e-03 4.222752e-02
5.210000e+01 2.502239e-02 2.641281e-02 3.421065e-02 2.105264e-03
5.250000e+01 6.443838e-02 3.436244e-02 1.468681e-02 1.349829e-01
5.290000e+01 2.299322e-02 1.405310e-02 4.202582e-02 2.557320e-01
5.330000e+01 1.040697e-02 5.201356e-02 8.269042e-02 7.001851e-02
5.370000e+01 6.947553e-03 6.768986e-02 5.053151e-02 8.859397e-02
5.410000e+01 1.622948e-02 6.291341e-02 5.981455e-03 2.037996e-01
5.440000e+01 2.956350e-02 2.643018e-02 2.227708e-02 1.239373e-01
5.480000e+01 2.214436e-02 3.623471e-03 4.991966e-03 3.409432e-01
5.520000e+01 3.644553e-03 8.951151e-03 1.319240e-01 1.104958e-01
5.560000e+01 2.642355e-02 2.846470e-05 8.066155e-02 2.720094e-01
5.600000e+01 1.615561e-02 4.547050e-02 3.702399e-02 1.697267e-01
5.640000e+01 3.004176e-02 6.469365e-02 2.695650e-02 1.959743e-01
5.680000e+01 9.010323e-03 2.295588e-02 1.801274e-02 5.801544e-02
5.730000e+01 9.434363e-03 5.322953e-02 5.545691e-02 1.987887e-01
5.770000e+01 3.892959e-02 2.281518e-02 3.389019e-03 1.343506e-01
5.810000e+01 1.138096e-02 8.562194e-02 1.464964e-01 3.652690e-01
5.850000e+01 9.520028e-03 2.863227e-02 2.320991e-01 2.160449e-02
5.890000e+01 2.021184e-04 8.912739e-03 3.207344e-02 8.453978e-02
5.940000e+01 7.438089e-03 3.852645e-02 3.308907e-02 8.829537e-02
5.980000e+01 1.625518e-02 1.684111e-03 5.066579e-02 7.497597e-02
6.020000e+01 2.733181e-02 1.130875e-02 3.182042e-02 2.149165e-01
6.060000e+01 4.249651e-02 1.702534e-02 9.726434e-02 1.024648e-01
6.110000e+01 1.582674e-02 4.449658e-02 1.852370e-02 2.319627e-01
6.150000e+01 5.468232e-03 1.793700e-02 4.559659e-02 2.840490e-01
6.200000e+01 1.143994e-02 5.757693e-02 1.862750e-01 8.008003e-02
6.240000e+01 1.237325e-02 1.617374e-04 6.023135e-02 3.698758e-02
6.290000e+01 9.974772e-03 5.168531e-02 1.715225e-01 4.823757e-01
6.330000e+01 5.511877e-03 3.597862e-02 1.084515e-01 7.378538e-02
6.380000e+01 2.307839e-02 1.616430e-02 8.638442e-02 8.122686e-02
6.420000e+01 3.507385e-02 7.785167e-03 1.196556e-01 1.667099e-01
6.470000e+01 8.922357e-03 8.949388e-02 9.770039e-03 2.360497e-02
6.520000e+01 2.972803e-02 1.130728e-01 2.470240e-02 9.971354e-02
6.560000e+01 3.278076e-03 2.610247e-02 1.560369e-01 8.351361e-02
6.610000e+01 6.178659e-03 3.113178e-02 3.617561e-02 1.146201e-01
6.660000e+01 2.009391e-02 4.673153e-02 6.044259e-02 7.826301e-02
6.710000e+01 2.782012e-02 3.289890e-02 2.494731e-02 7.616664e-02
6.760000e+01 2.710744e-03 2.358437e-02 1.126313e-01 2.844750e-02
6.800000e+01 3.599586e-02 5.212988e-02 1.914403e-01 2.650905e-02
6.850000e+01 6.074456e-02 7.196101e-02 1.304641e-04 1.211835e-01
6.900000e+01 5.101387e-03 3.724147e-02 9.951417e-02 1.796517e-01
6.950000e+01 3.803456e-02 3.860029e-02 8.252183e-02 1.635706e-01
7.000000e+01 4.038646e-04 1.494284e-02 1.910233e-01 2.482882e-01
7.050000e+01 2.618854e-03 3.271341e-02 1.952810e-01 1.754101e-01
7.100000e+01 5.209111e-02 3.051030e-02 2.304925e-02 1.972466e-01
7.160000e+01 1.515533e-02 7.664944e-03 3.578159e-02 2.086650e-01
7.210000e+01 9.118572e-03 2.062436e-02 7.584783e-02 5.930225e-02
7.260000e+01 2.199595e-02 6.110417e-02 1.543418e-01 8.650212e-02
7.310000e+01 2.683745e-02 6.558010e-02 6.494930e-03 4.797540e-02
7.370000e+01 3.307413e-03 1.005839e-02 1.630781e-01 2.221971e-01
7.420000e+01 2.569151e-02 7.051039e-02 2.336983e-01 1.912114e-01
7.470000e+01 7.014662e-03 1.849435e-02 8.311796e-02 1.929474e-01
7.530000e+01 1.032804e-02 2.164270e-02 1.222825e-02 1.682179e-01
7.580000e+01 1.942628e-02 9.210763e-02 1.110070e-01 3.673364e-01
7.640000e+01 1.852924e-02 2.943319e-02 9.397403e-03 2.821431e-01
7.690000e+01 1.093773e-02 5.952445e-02 8.291430e-02 1.821046e-01
7.750000e+01 2.840192e-02 4.846821e-02 1.257374e-01 1.817479e-01
7.800000e+01 2.952126e-02 3.520184e-03 5.524186e-03 2.517300e-01
7.860000e+01 4.551265e-02 1.999548e-02 7.458540e-02 3.287189e-02
7.910000e+01 9.098921e-03 6.118461e-02 1.279960e-01 9.943074e-03
7.970000e+01 1.678604e-02 1.746449e-02 7.268894e-02 4.752804e-01
8.030000e+01 3.966493e-02 4.323917e-02 4.893182e-02 1.800217e-01
8.090000e+01 1.281789e-02 3.777513e-03 6.077055e-03 2.348777e-01
8.150000e+01 1.544043e-02 3.582224e-02 3.212718e-02 5.238764e-02
8.200000e+01 9.917769e-03 1.196288e-02 5.503710e-02 2.488672e-01
8.260000e+01 3.549676e-03 6.417093e-03 1.000174e-01 2.424238e-01
8.320000e+01 1.116971e-02 5.305408e-02 4.747900e-02 1.161233e-01
8.380000e+01 1.601321e-02 6.329546e-02 1.599125e-01 2.254389e-01
8.440000e+01 3.874505e-03 1.687739e-02 1.241047e-03 1.517387e-01
8.510000e+01 1.751654e-02 1.131186e-03 2.521896e-04 2.067036e-01
8.570000e+01 1.552424e-02 1.041215e-01 7.000891e-02 2.451160e-01
8.630000e+01 1.151727e-02 4.984317e-02 6.365996e-03 1.120686e-01
8.690000e+01 6.238433e-03 6.795443e-02 6.876895e-02 2.156278e-03
8.750000e+01 1.164979e-02 1.982457e-02 2.587890e-02 1.154121e-01
8.820000e+01 2.915821e-02 1.005110e-03 6.268804e-02 3.714974e-02
8.880000e+01 1.556744e-02 4.047178e-02 3.557491e-03 2.643567e-02
8.940000e+01 2.728553e-03 1.875144e-02 8.852889e-03 5.107154e-02
9.010000e+01 6.628971e-02 3.801062e-02 2.063998e-02 1.208361e-01
9.070000e+01 2.127033e-02 4.456134e-03 1.066041e-02 1.479372e-01
9.140000e+01 7.879069e-03 5.247781e-02 3.822025e-03 7.820552e-02
9.210000e+01 8.839049e-03 2.545488e-02 2.635247e-02 9.589826e-02
9.270000e+01 1.630595e-03 4.275134e-02 2.563904e-02 1.585237e-01
9.340000e+01 8.037309e-03 1.266708e-02 7.724654e-02 1.090655e-01
9.410000e+01 9.099658e-03 5.983625e-02 4.752791e-05 1.216287e-01
9.470000e+01 1.637148e-02 3.749263e-02 2.567074e-02 2.656654e-01
9.540000e+01 8.728649e-03 3.800498e-02 4.148539e-02 7.441146e-02
9.610000e+01 2.998594e-02 1.260553e-03 1.787540e-03 1.852542e-01
9.680000e+01 2.763899e-03 2.719726e-02 4.164493e-02 3.181375e-02
9.750000e+01 7.156268e-03 1.629835e-03 2.914578e-02 6.235941e-02
9.820000e+01 4.714840e-03 9.396252e-03 7.693163e-03 5.242389e-02
9.890000e+01 2.286305e-03 3.709867e-02 1.757166e-02 4.647374e-02
9.960000e+01 4.351856e-03 1.450878e-02 6.287795e-02 1.984076e-02
1.004000e+02 1.332023e-02 1.724617e-02 8.648489e-02 1.054687e-01
1.011000e+02 1.362412e-02 2.726306e-05 1.058756e-01 2.191976e-02
1.018000e+02 8.061118e-03 4.009281e-02 8.692725e-02 1.210604e-01
1.026000e+02 5.613837e-03 3.149393e-02 6.338342e-02 1.276272e-01
1.033000e+02 1.579916e-03 2.035079e-02 8.986757e-02 2.252966e-01
1.040000e+02 3.054688e-03 3.869493e-02 2.890855e-03 2.206130e-01
1.048000e+02 7.148700e-03 5.584702e-03 2.741074e-02 4.239731e-02
1.055000e+02 1.376089e-03 2.197336e-02 1.341641e-02 9.277169e-02
1.063000e+02 1.330693e-03 4.390269e-02 5.996309e-02 6.063801e-02
1.071000e+02 1.526929e-02 2.152402e-02 2.709376e-02 8.195101e-02
1.078000e+02 3.329987e-02 8.854957e-03 1.552664e-02 4.230086e-03
1.086000e+02 1.160671e-03 2.340916e-02 1.304511e-02 3.353974e-03
1.094000e+02 6.276311e-03 1.324026e-03 5.259813e-02 8.897546e-03
1.102000e+02 8.933091e-03 1.804568e-02 6.515343e-02 8.407035e-02
1.110000e+02 9.516243e-03 2.366344e-02 9.698022e-02 1.930592e-02
1.118000e+02 5.550568e-03 5.919701e-04 9.554176e-03 1.225404e-01
1.126000e+02 1.026729e-02 2.317818e-02 1.985375e-02 2.748096e-02
1.134000e+02 1.871722e-02 1.118969e-02 9.202541e-02 5.327133e-02
1.142000e+02 1.037047e-02 4.849028e-03 5.159339e-03 6.136728e-02
1.151000e+02 1.996692e-02 1.237095e-02 1.191602e-01 1.398622e-01
1.159000e+02 1.967536e-02 3.091456e-03 1.049500e-02 3.747602e-02
1.167000e+02 7.220574e-03 4.176802e-02 1.205500e-02 1.541888e-01
1.176000e+02 1.532225e-02 1.346109e-02 6.243384e-04 1.576539e-01
1.184000e+02 7.941465e-04 2.346300e-03 3.875033e-02 8.554322e-03
1.193000e+02 6.887104e-03 2.016478e-02 1.920184e-03 9.832290e-02
1.201000e+02 2.668543e-02 2.283660e-02 4.016459e-02 1.698609e-02
1.210000e+02 1.903281e-02 3.698873e-02 3.944005e-03 2.069768e-02
1.219000e+02 1.336016e-02 1.286578e-02 4.637613e-02 1.467031e-01
1.228000e+02 1.459914e-02 2.282957e-02 1.774481e-02 2.076091e-01
1.236000e+02 1.005370e-02 1.350845e-02 6.088489e-04 1.068046e-01
1.245000e+02 6.974048e-03 1.347203e-02 8.058068e-02 1.097191e-02
1.254000e+02 1.017948e-02 2.746537e-02 6.441058e-02 3.666435e-03
1.263000e+02 3.557246e-03 2.868571e-02 5.811333e-03 3.563889e-02
1.273000e+02 3.194871e-04 7.513612e-03 1.760889e-02 1.330405e-01
1.282000e+02 6.592610e-03 2.847121e-02 1.450442e-02 1.855146e-02
1.291000e+02 6.026802e-03 2.430902e-02 8.263833e-03 1.062686e-01
1.300000e+02 2.825054e-02 8.058620e-02 6.044110e-02 1.607014e-01
1.310000e+02 2.663452e-03 2.962995e-02 4.081821e-02 1.500952e-01
1.319000e+02 4.504310e-03 6.613412e-04 1.527846e-02 1.381316e-01
1.329000e+02 3.683068e-03 2.560625e-02 1.268527e-03 5.599224e-02
1.338000e+02 1.380919e-02 6.046068e-03 1.625769e-02 1.125432e-02
1.348000e+02 4.418377e-03 3.179688e-02 2.712708e-02 6.902458e-02
1.358000e+02 5.186215e-03 1.398621e-02 8.435432e-03 8.717164e-02
1.368000e+02 1.203684e-02 1.363961e-02 8.594528e-03 2.508893e-02
1.377000e+02 7.364020e-04 2.174603e-02 3.088529e-02 1.464773e-01
1.387000e+02 1.064814e-02 2.006339e-02 1.163448e-02 6.645273e-02
1.397000e+02 8.113318e-03 5.921994e-02 4.785810e-02 1.216774e-01
1.407000e+02 1.176011e-02 5.068415e-03 9.114990e-02 1.914960e-01
1.418000e+02 1.073643e-02 1.515597e-03 1.025899e-02 3.835374e-02
1.428000e+02 2.787139e-03 3.676388e-02 2.552627e-02 1.521746e-03
1.438000e+02 1.501679e-02 6.371980e-03 9.486602e-03 3.696508e-02
1.449000e+02 6.859470e-03 1.225895e-02 7.929420e-02 3.141735e-02
1.459000e+02 1.174703e-02 1.307891e-02 4.303896e-02 2.858547e-02
1.470000e+02 1.358118e-02 1.328005e-02 9.524102e-02 1.304984e-01
1.480000e+02 3.730943e-03 2.866235e-02 6.731285e-02 4.870979e-02
1.491000e+02 1.345321e-02 1.066144e-02 3.799047e-03 4.764651e-02
1.502000e+02 1.436037e-02 1.624781e-02 1.312598e-02 5.559591e-02
1.512000e+02 1.275458e-02 5.365899e-03 2.753306e-02 3.190176e-02
1.523000e+02 2.018994e-02 1.116241e-02 8.768135e-03 1.633115e-02
1.534000e+02 2.274742e-03 8.230948e-03 2.385536e-02 3.634905e-02
1.545000e+02 1.085561e-02 8.219616e-03 4.744944e-02 1.448422e-01
1.557000e+02 8.533195e-03 6.499201e-02 6.483244e-02 6.840628e-02
1.568000e+02 1.448159e-02 3.452940e-03 4.273346e-02 1.199680e-01
1.579000e+02 6.712964e-03 2.259742e-02 2.136570e-03 9.760582e-02
1.591000e+02 4.294545e-03 5.248456e-03 8.858128e-02 1.281281e-03
1.602000e+02 1.499649e-03 2.654792e-02 3.932215e-02 8.465320e-02
1.614000e+02 4.548725e-03 2.892405e-02 3.222953e-02 1.052584e-01
1.625000e+02 3.379374e-05 3.511012e-03 3.535055e-02 1.151725e-01
1.637000e+02 2.060050e-02 3.243417e-02 1.698512e-02 1.367657e-02
1.649000e+02 1.439733e-02 1.042614e-02 4.953153e-05 4.294803e-02
1.661000e+02 8.933441e-03 1.199920e-02 6.625793e-02 1.022288e-01
1.673000e+02 9.723571e-03 1.672413e-02 1.464401e-02 1.245927e-01
1.685000e+02 2.739539e-03 2.250899e-02 7.109506e-02 1.364695e-02
1.697000e+02 3.404172e-03 1.498149e-02 2.802267e-02 3.935182e-03
1.709000e+02 3.818054e-03 2.495081e-02 2.238190e-02 1.873673e-02
1.722000e+02 1.884696e-03 2.833631e-02 8.151142e-02 1.063303e-01
1.734000e+02 9.297466e-03 3.195006e-03 1.030311e-02 7.039155e-02
1.747000e+02 4.923444e-03 1.015780e-02 8.672719e-02 5.657507e-03
1.759000e+02 8.221904e-03 3.689664e-02 1.286112e-02 1.116019e-01
1.772000e+02 2.207892e-03 4.924563e-04 1.760245e-02 8.845946e-02
1.785000e+02 1.909481e-02 1.762640e-03 5.728508e-02 1.288507e-02
1.798000e+02 7.116545e-03 1.441511e-02 7.568049e-02 6.951111e-02
1.811000e+02 3.322535e-03 4.336858e-04 6.316203e-03 4.299890e-02
1.824000e+02 1.279009e-02 6.897623e-02 5.634024e-02 8.391416e-02
1.837000e+02 3.558560e-03 1.927799e-03 2.424588e-02 3.861444e-02
1.850000e+02 4.911418e-03 7.330997e-03 1.350366e-02 8.570165e-03
1.863000e+02 8.564996e-03 1.464748e-02 3.616613e-04 9.182890e-03
1.877000e+02 4.731766e-03 3.976021e-02 2.859980e-02 2.554746e-04
1.890000e+02 2.835729e-03 6.301013e-03 8.070069e-03 2.097512e-01
1.904000e+02 5.692244e-03 2.573482e-03 1.778288e-02 5.880118e-03
1.918000e+02 6.239815e-03 1.377370e-02 4.724677e-02 5.795550e-02
1.932000e+02 3.850059e-04 1.577130e-02 7.469069e-04 5.755251e-03
1.946000e+02 1.205797e-02 3.109521e-02 4.567200e-02 4.786622e-02
1.960000e+02 6.216884e-03 1.091838e-03 2.969586e-02 9.679308e-02
1.974000e+02 6.684411e-03 4.492255e-03 7.662516e-03 1.023766e-02
1.988000e+02 3.962755e-03 1.562499e-02 3.956955e-02 4.469988e-02
2.002000e+02 2.154764e-03 1.241169e-02 5.455424e-02 7.417593e-02
2.017000e+02 1.995498e-03 4.411052e-03 5.613051e-02 7.906810e-02
2.031000e+02 6.906648e-04 3.258409e-02 4.112228e-02 1.357847e-02
2.046000e+02 4.522722e-03 7.517059e-03 7.168258e-02 5.130521e-02
2.061000e+02 4.763039e-03 3.417403e-02 6.061835e-02 2.075659e-02
2.076000e+02 1.036115e-02 1.677743e-02 3.490282e-02 2.895898e-02
2.091000e+02 4.116110e-03 5.409768e-03 9.475466e-03 7.027298e-02
2.106000e+02 1.192913e-03 7.157179e-03 1.113943e-04 8.452948e-02
2.121000e+02 1.133777e-02 2.815747e-02 5.535744e-02 5.962776e-03
2.136000e+02 1.155672e-02 7.476233e-03 2.620639e-02 2.029864e-02
2.152000e+02 3.939410e-03 1.186166e-02 4.011788e-02 6.203439e-02
2.167000e+02 6.923437e-03 1.082446e-02 7.850097e-03 1.122749e-01
2.183000e+02 1.564661e-04 5.473460e-03 3.035372e-03 5.225770e-02
2.199000e+02 7.485032e-03 1.307133e-02 6.366136e-03 9.035761e-02
2.215000e+02 5.421018e-03 5.624498e-03 2.207251e-02 7.862970e-03
2.231000e+02 4.102123e-03 1.728179e-02 6.109746e-02 2.251006e-03
2.247000e+02 1.176374e-02 1.524993e-02 2.210270e-02 5.630469e-02
2.263000e+02 5.582896e-03 6.561606e-03 2.586066e-02 5.205870e-03
2.279000e+02 2.708474e-03 1.296045e-02 1.226914e-02 7.655855e-02
2.296000e+02 9.204158e-03 4.349785e-04 4.607589e-02 1.092394e-01
2.312000e+02 7.129539e-03 1.136240e-02 6.564346e-03 6.568331e-02
2.329000e+02 1.238621e-03 2.536855e-02 1.418815e-02 1.391809e-01
2.346000e+02 3.705890e-03 7.661546e-03 2.080439e-02 6.344287e-04
2.363000e+02 5.240752e-04 1.755982e-02 1.690775e-02 4.321704e-02
2.380000e+02 1.014417e-03 3.116776e-02 7.278667e-02 5.771294e-02
2.397000e+02 5.730388e-03 1.833845e-02 1.041162e-02 9.340314e-02
2.414000e+02 3.108314e-03 1.798064e-02 1.075338e-02 1.553081e-02
2.432000e+02 2.780091e-04 3.237131e-03 6.278700e-02 7.136602e-02
2.449000e+02 5.977711e-03 1.431195e-02 6.032112e-03 7.955894e-02
2.467000e+02 4.363812e-03 7.095802e-03 4.204876e-02 7.399880e-02
2.485000e+02 1.125325e-02 8.451239e-04 4.551396e-02 1.273139e-01
2.503000e+02 1.076543e-03 8.418846e-03 1.054920e-01 2.264055e-02
2.521000e+02 2.126728e-03 2.143732e-02 5.211433e-03 3.255959e-02
2.539000e+02 6.939601e-05 1.308547e-02 2.633087e-02 1.143182e-02
2.557000e+02 1.628765e-03 3.800656e-03 2.636768e-02 2.933256e-02
2.576000e+02 1.214751e-02 2.142939e-02 1.579850e-02 3.220040e-02
2.595000e+02 9.919007e-03 3.991845e-02 3.347785e-02 9.106773e-02
2.613000e+02 6.807570e-03 8.279300e-03 3.644482e-03 5.496569e-02
2.632000e+02 6.043096e-03 1.177291e-02 1.269855e-03 2.139896e-02
2.651000e+02 8.248770e-03 2.342351e-02 3.564249e-02 2.724164e-02
2.670000e+02 2.868164e-03 1.134980e-02 5.991763e-02 3.800760e-02
2.690000e+02 6.599348e-03 9.562799e-03 1.438485e-02 5.047890e-02
2.709000e+02 8.392745e-03 1.339557e-02 3.090135e-02 7.894771e-04
2.729000e+02 6.499911e-03 4.053274e-02 2.830607e-02 7.808181e-02
2.748000e+02 1.596978e-02 7.731039e-03 2.329786e-02 1.737634e-02
2.768000e+02 3.289047e-03 1.180391e-02 5.703878e-02 3.706560e-02
2.788000e+02 3.294490e-03 1.966293e-02 4.815226e-02 3.388629e-03
2.808000e+02 1.625922e-03 1.503875e-02 1.689615e-02 7.832809e-02
2.829000e+02 4.077024e-03 8.596602e-03 3.410095e-02 2.555848e-03
2.849000e+02 2.030922e-04 1.224686e-02 4.573536e-02 9.866183e-02
2.870000e+02 2.334968e-04 1.340976e-02 3.401360e-03 2.787399e-02
2.890000e+02 7.873221e-03 4.837852e-03 1.214628e-02 2.991654e-02
2.911000e+02 6.330873e-03 1.092209e-02 1.220889e-02 1.293763e-02
2.932000e+02 1.768693e-03 7.494448e-03 3.178615e-02 1.146916e-01
2.953000e+02 1.013026e-02 1.262358e-02 2.777995e-02 1.009095e-01
2.975000e+02 2.276325e-04 2.157460e-04 5.550552e-02 5.921556e-02
2.996000e+02 9.887688e-04 1.420448e-02 1.891986e-02 2.602873e-02
3.018000e+02 2.678754e-03 4.514117e-04 3.842084e-02 9.218797e-02
3.040000e+02 6.758182e-03 2.679459e-03 2.938832e-03 1.482386e-02
3.062000e+02 9.943392e-04 5.465941e-03 3.746485e-02 6.044591e-02
3.084000e+02 1.148651e-03 9.302215e-03 4.514277e-02 4.117758e-02
3.106000e+02 4.738343e-03 5.141965e-03 3.187992e-02 3.524777e-03
3.128000e+02 7.964608e-03 6.926994e-03 1.135754e-02 1.723217e-02
3.151000e+02 1.063188e-02 1.032580e-02 1.038929e-02 1.069994e-02
3.174000e+02 4.162820e-03 4.970392e-03 1.430637e-02 1.447970e-02
3.197000e+02 7.309794e-03 9.981160e-03 2.257267e-02 1.054644e-01
3.220000e+02 1.579750e-02 1.615430e-04 9.683041e-03 3.598084e-02
3.243000e+02 4.964473e-03 1.529968e-02 2.062494e-03 3.135475e-02
3.266000e+02 3.281886e-03 1.409802e-02 4.005100e-02 2.801946e-02
3.290000e+02 4.197032e-03 1.978028e-02 1.307435e-02 2.442268e-02
3.314000e+02 8.172485e-03 3.191721e-03 2.466681e-03 3.181612e-02
3.338000e+02 3.854542e-03 9.649549e-03 1.568894e-02 1.575511e-02
3.362000e+02 5.259851e-03 1.967688e-02 1.511781e-02 5.027652e-03
3.386000e+02 6.912439e-03 2.452683e-02 1.699308e-02 3.709433e-02
3.410000e+02 1.282506e-02 3.134874e-02 6.765417e-03 3.525357e-03
3.435000e+02 4.117499e-03 1.926708e-02 4.719431e-02 8.503696e-02
3.460000e+02 2.492845e-03 8.669969e-03 2.225829e-02 6.719993e-02
3.485000e+02 5.503177e-03 3.354257e-03 1.089742e-02 7.204924e-02
3.510000e+02 3.328140e-04 1.964627e-02 8.971180e-03 1.029340e-01
3.535000e+02 2.510607e-03 6.181527e-03 3.610407e-02 3.238944e-02
3.561000e+02 2.276215e-03 3.966166e-03 1.953941e-02 5.197503e-02
3.587000e+02 6.194604e-03 9.728152e-03 4.298097e-02 4.959832e-02
3.613000e+02 5.096890e-03 2.311239e-02 2.240001e-02 7.297954e-02
3.639000e+02 3.946202e-03 1.505134e-02 1.787708e-02 4.951491e-02
3.665000e+02 2.361851e-03 1.426899e-02 2.575489e-02 1.541310e-02
3.691000e+02 8.164820e-03 7.675515e-03 2.859465e-02 9.454051e-02
3.718000e+02 2.481561e-03 5.113387e-03 2.191950e-02 3.658692e-03
3.745000e+02 1.175975e-02 2.352050e-02 2.678827e-03 1.497134e-02
3.772000e+02 3.277791e-03 1.051155e-02 4.744719e-03 1.647175e-02
3.799000e+02 8.196730e-03 7.127999e-05 3.729794e-03 4.769523e-02
3.827000e+02 2.641432e-04 2.242915e-02 2.388885e-02 1.838991e-02
3.854000e+02 9.520052e-03 2.447681e-02 1.283243e-04 4.283199e-02
3.882000e+02 1.801715e-03 1.876477e-02 1.008273e-02 5.009431e-03
3.910000e+02 2.627605e-04 4.517302e-03 1.169584e-02 1.555364e-02
3.938000e+02 5.478434e-04 5.468036e-04 1.638157e-02 5.244267e-02
3.967000e+02 4.917730e-03 7.770546e-03 3.031477e-02 4.427745e-02
3.995000e+02 7.351171e-03 3.125298e-03 8.362934e-03 1.246399e-02
4.024000e+02 2.704556e-03 2.275520e-03 1.867109e-02 7.612357e-02
4.053000e+02 4.365971e-03 7.368740e-03 2.703774e-02 5.426048e-02
4.083000e+02 7.875119e-03 1.481201e-02 1.668350e-02 6.394620e-03
4.112000e+02 4.914773e-03 1.056053e-02 2.752145e-02 4.477727e-03
4.142000e+02 7.698456e-03 7.340373e-03 3.836208e-02 3.637031e-02
4.172000e+02 1.631647e-03 3.399183e-03 2.573989e-02 6.562130e-02
4.202000e+02 9.479334e-04 5.414285e-03 1.459975e-02 2.172244e-02
4.232000e+02 9.011305e-03 1.933189e-05 1.108078e-02 3.325332e-02
4.263000e+02 1.353339e-02 6.630436e-03 1.302418e-03 6.217710e-02
4.294000e+02 1.095840e-02 3.743906e-03 6.897697e-03 4.456888e-02
4.325000e+02 6.243443e-03 4.650569e-03 2.502980e-02 6.260881e-02
4.356000e+02 9.774867e-03 7.850969e-03 1.972797e-02 8.448459e-02
4.387000e+02 2.248511e-04 9.483812e-03 9.120637e-03 3.620160e-03
4.419000e+02 7.918697e-03 1.525806e-02 2.220580e-02 1.301622e-01
4.451000e+02 7.776595e-03 9.687047e-03 4.672550e-02 1.591340e-02
4.483000e+02 8.724031e-04 4.556311e-04 8.799524e-03 3.784332e-03
4.515000e+02 5.423563e-03 1.931154e-02 2.236262e-02 4.974570e-02
4.548000e+02 2.906790e-03 2.854338e-03 2.278448e-02 7.911242e-02
4.581000e+02 1.290381e-02 1.790325e-03 7.621754e-03 3.102171e-03
4.614000e+02 4.809818e-03 2.538358e-03 5.927529e-03 2.533976e-02
4.647000e+02 5.867232e-03 6.764071e-03 8.164126e-03 5.995910e-03
4.681000e+02 1.208761e-03 6.559978e-03 1.163613e-02 6.670362e-02
4.715000e+02 6.684445e-04 1.113490e-02 8.103590e-03 1.792608e-02
4.749000e+02 3.617477e-03 1.675085e-02 2.232402e-02 6.938662e-02
4.783000e+02 1.507748e-04 5.528567e-03 7.063309e-03 1.999035e-02
4.817000e+02 3.275071e-03 4.255078e-03 1.220033e-03 2.531625e-02
4.852000e+02 2.416046e-03 1.807814e-02 1.534563e-02 4.282523e-02
4.887000e+02 2.900242e-03 1.552941e-02 5.255290e-03 4.532231e-02
4.923000e+02 4.546158e-03 1.941811e-02 2.595259e-02 6.601055e-03
4.958000e+02 3.994897e-03 6.152182e-04 3.371280e-02 5.403147e-02
4.994000e+02 5.498877e-03 1.430740e-02 2.494019e-02 8.953721e-03
5.030000e+02 6.249019e-03 8.755830e-03 3.417664e-02 3.961518e-02
5.066000e+02 1.167661e-03 3.925570e-03 1.737115e-02 2.099783e-02
5.103000e+02 2.521260e-04 1.840116e-03 2.978384e-02 3.341324e-02
5.140000e+02 1.071095e-02 7.963397e-03 1.144434e-02 4.193246e-02
5.177000e+02 7.467650e-04 9.619716e-03 7.319100e-03 9.900713e-02
5.214000e+02 3.255080e-03 6.077618e-03 1.790492e-03 8.972211e-02
5.252000e+02 2.357652e-03 8.193694e-03 6.024165e-02 1.103127e-01
5.290000e+02 3.600684e-03 1.320048e-03 3.184829e-02 1.117310e-02
5.328000e+02 5.701448e-03 5.486250e-04 3.212138e-04 5.690601e-02
5.366000e+02 7.250865e-03 2.498618e-03 2.199774e-02 8.567617e-03
5.405000e+02 1.716593e-03 9.830433e-03 8.904630e-03 3.928329e-02
5.444000e+02 1.046630e-03 1.064510e-02 2.705652e-02 7.732606e-02
5.484000e+02 4.530702e-03 1.708586e-02 3.153452e-02 2.040991e-02
5.523000e+02 6.256192e-03 7.210433e-03 1.303932e-02 6.021614e-03
5.563000e+02 5.454423e-03 9.690849e-03 1.901191e-03 3.740332e-02
5.603000e+02 4.505783e-03 5.445068e-03 2.203334e-02 2.507896e-02
5.644000e+02 4.460564e-03 2.812826e-03 2.480179e-02 3.288653e-02
5.684000e+02 3.899871e-03 6.130316e-03 3.671171e-02 2.962642e-02
5.725000e+02 1.085504e-02 2.909643e-02 2.295539e-02 4.499870e-02
5.767000e+02 7.525116e-03 8.038123e-03 1.504317e-02 1.010659e-02
5.808000e+02 3.689839e-03 1.379032e-03 4.476103e-03 5.239623e-03
5.850000e+02 1.086645e-02 5.368473e-03 3.366034e-02 2.677025e-02
5.893000e+02 3.651397e-03 2.066357e-02 1.384485e-02 4.347999e-02
5.935000e+02 5.416238e-04 6.491291e-03 3.619638e-02 2.035432e-02
5.978000e+02 3.194900e-03 3.545211e-04 8.195367e-03 2.041909e-02
6.021000e+02 2.573957e-03 1.413262e-03 1.228560e-02 1.029622e-01
6.065000e+02 3.641682e-06 3.103524e-03 2.668287e-02 9.154599e-02
6.109000e+02 7.151927e-05 4.581538e-03 1.419205e-02 2.445104e-02
6.153000e+02 6.475561e-03 1.112581e-03 9.835897e-04 3.067994e-02
6.197000e+02 1.533539e-03 6.961533e-03 3.893303e-02 2.080445e-02
6.242000e+02 5.400684e-03 3.509251e-03 2.543044e-02 7.178299e-03
6.287000e+02 1.239160e-03 2.027689e-02 2.361875e-02 1.807692e-02
6.332000e+02 1.042000e-02 1.310237e-02 1.515219e-03 7.276328e-02
6.378000e+02 4.687967e-03 7.611060e-03 3.724876e-03 4.059798e-02
6.424000e+02 1.980820e-03 7.759082e-03 1.662713e-02 4.707546e-02
6.470000e+02 3.547837e-03 1.156960e-02 1.444021e-02 7.566639e-02
6.517000e+02 7.137981e-04 4.143217e-04 2.477082e-02 3.825407e-02
6.564000e+02 2.022453e-04 1.859714e-03 1.503865e-02 6.940996e-03
6.612000e+02 7.189450e-03 4.393138e-03 2.112613e-02 8.557262e-02
6.659000e+02 8.468518e-04 8.463442e-03 1.718651e-02 1.118115e-02
6.708000e+02 2.945707e-04 1.243084e-02 1.226863e-02 1.236303e-02
6.756000e+02 1.444458e-03 5.232531e-03 1.251355e-03 4.093746e-02
6.805000e+02 6.982334e-04 1.129404e-02 4.053586e-02 4.867893e-03
6.854000e+02 5.607666e-03 2.938492e-03 1.299074e-02 6.321700e-03
6.903000e+02 2.399341e-03 4.847228e-03 7.106379e-03 4.685185e-02
6.953000e+02 1.108873e-03 9.711283e-03 5.001656e-03 3.204550e-04
7.003000e+02 4.061784e-03 5.352242e-03 3.780564e-02 6.495663e-02
7.054000e+02 6.075334e-03 1.752003e-02 4.930525e-03 1.839543e-02
7.105000e+02 4.984258e-03 1.654328e-03 5.068888e-03 1.237868e-02
7.156000e+02 6.122500e-03 2.137666e-02 7.627689e-03 5.923663e-03
7.208000e+02 8.232316e-04 1.632662e-02 1.697464e-03 2.055701e-03
7.260000e+02 2.677840e-04 4.735682e-03 9.918412e-03 1.006068e-02
7.312000e+02 1.370404e-04 6.980080e-04 2.914445e-03 3.667878e-02
7.365000e+02 2.324461e-03 2.180054e-03 8.091466e-03 5.476104e-03
7.418000e+02 1.816071e-03 1.006865e-02 3.114594e-02 5.291486e-02
7.472000e+02 1.690808e-03 2.407670e-03 2.302220e-02 3.178970e-02
7.526000e+02 1.996789e-03 2.641673e-03 1.395069e-03 2.037058e-02
7.580000e+02 1.241985e-03 7.485925e-03 2.599311e-03 5.788936e-02
7.635000e+02 3.509907e-03 2.770470e-03 2.739521e-03 3.521799e-02
7.690000e+02 5.669425e-03 2.341640e-03 1.133930e-02 4.184172e-02
7.746000e+02 9.838886e-04 4.179898e-04 1.976642e-02 6.883483e-03
7.802000e+02 2.230114e-03 3.855880e-03 1.998334e-02 1.387308e-02
7.858000e+02 2.002931e-03 1.208307e-02 1.935462e-02 5.463782e-02
7.915000e+02 3.023316e-03 7.247982e-04 2.031140e-02 2.403875e-02
7.972000e+02 1.748922e-03 7.009299e-03 3.321755e-03 2.169172e-02
8.029000e+02 9.448407e-03 6.383386e-03 1.741598e-02 4.633603e-02
8.087000e+02 4.974350e-03 3.117095e-03 8.916132e-03 3.089954e-02
8.146000e+02 2.256098e-03 3.079620e-03 2.313318e-02 1.181920e-02
8.205000e+02 5.228981e-03 9.662699e-03 8.061749e-03 1.233376e-02
8.264000e+02 1.008477e-02 1.076295e-02 2.164894e-02 4.239614e-02
8.324000e+02 5.081379e-03 2.768310e-02 9.202828e-03 8.567205e-03
8.384000e+02 5.309289e-03 4.957606e-03 3.218120e-02 3.866989e-02
8.444000e+02 4.550118e-03 5.313475e-03 1.140046e-02 5.300734e-02
8.505000e+02 8.073604e-03 2.245844e-03 4.529223e-03 5.299509e-02
8.567000e+02 4.843894e-03 3.327493e-03 3.126220e-03 3.165310e-02
8.629000e+02 5.651324e-04 2.125298e-03 8.289829e-03 3.191320e-02
8.691000e+02 4.860544e-03 6.745970e-03 2.755330e-03 7.213155e-03
8.754000e+02 3.499734e-03 8.851814e-04 1.087254e-02 3.769079e-02
8.817000e+02 1.198460e-02 1.167983e-02 8.809076e-03 2.429572e-02
8.881000e+02 1.746293e-03 7.297189e-03 3.217333e-04 1.846459e-02
8.945000e+02 1.051620e-02 1.032644e-03 1.796093e-02 2.199718e-02
9.009000e+02 4.008378e-03 1.595201e-03 1.734348e-02 1.370945e-02
9.074000e+02 2.865653e-03 3.227388e-04 4.697540e-03 1.643835e-03
9.140000e+02 2.129017e-03 8.276823e-03 7.233494e-03 8.473478e-02
9.206000e+02 3.798057e-03 1.207028e-02 1.193099e-04 5.087561e-02
9.272000e+02 4.037829e-03 8.827187e-03 2.989342e-03 3.100829e-02
9.339000e+02 6.102641e-03 8.636065e-03 9.156697e-03 2.662373e-03
9.407000e+02 4.710654e-03 2.073522e-03 1.116874e-02 3.824759e-02
9.475000e+02 5.486372e-03 1.125328e-02 7.175873e-03 1.211792e-02
9.543000e+02 4.023436e-03 7.083874e-03 1.549467e-02 6.511493e-02
9.612000e+02 3.322750e-03 1.100788e-02 2.964855e-03 3.490597e-02
9.681000e+02 9.522709e-03 2.208888e-03 4.695763e-03 1.602504e-02
9.751000e+02 4.665694e-03 5.931912e-03 5.456850e-04 1.354033e-03
9.822000e+02 1.849361e-03 2.079541e-03 3.765841e-02 3.472056e-02
9.893000e+02 2.317186e-03 7.221155e-03 3.147504e-02 7.916723e-03
9.964000e+02 1.611090e-04 3.717876e-03 1.491596e-03 3.759975e-02
1.003600e+03 2.532840e-03 4.815751e-03 1.025797e-02 4.007507e-02
1.010900e+03 8.465980e-04 1.121285e-03 5.327341e-03 5.145219e-03
1.018200e+03 6.542715e-03 5.780870e-03 1.792744e-02 1.050793e-03
1.025500e+03 3.293823e-03 5.992173e-03 1.746988e-02 7.193581e-03
1.032900e+03 3.381395e-04 8.778498e-03 1.348149e-02 1.915029e-02
1.040400e+03 8.746503e-04 3.138857e-03 1.904176e-02 4.178873e-02
1.047900e+03 2.295386e-03 6.300499e-03 2.179172e-02 3.903209e-03
1.055400e+03 2.169933e-04 1.489850e-02 1.336694e-02 7.729772e-02
1.063100e+03 2.287834e-03 1.505161e-03 1.893559e-02 3.651098e-02
1.070700e+03 5.479556e-03 4.761939e-03 2.306176e-02 2.434564e-02
1.078500e+03 6.860091e-04 9.005156e-04 1.524468e-02 4.231911e-02
1.086300e+03 6.594050e-04 6.833044e-03 1.771394e-02 1.758591e-02
1.094100e+03 4.344592e-03 5.207319e-03 4.032133e-03 6.708413e-02
1.102000e+03 6.157487e-04 4.571395e-03 1.541251e-03 2.786865e-02
1.110000e+03 3.711564e-03 4.984800e-03 6.395538e-03 1.497732e-02
1.118000e+03 1.697719e-03 5.554176e-03 8.014346e-03 1.291103e-02
1.126100e+03 2.130081e-03 8.408761e-03 9.523750e-03 2.553996e-02
1.134200e+03 2.674372e-03 6.134994e-03 5.608359e-03 5.968320e-02
1.142400e+03 2.259975e-03 1.141262e-02 4.375534e-03 1.523308e-02
1.150600e+03 5.624832e-03 9.475732e-03 8.676090e-03 1.584019e-02
1.158900e+03 6.040562e-03 4.016678e-03 1.050834e-02 1.223217e-02
1.167300e+03 4.069756e-03 3.284228e-03 1.542077e-04 2.825301e-02
1.175700e+03 4.371403e-04 4.693240e-03 3.911786e-03 5.269851e-03
1.184200e+03 1.504546e-03 9.214880e-03 2.204926e-02 6.575567e-03
1.192800e+03 8.718742e-04 1.404016e-02 2.792721e-02 1.408966e-02
1.201400e+03 1.520148e-03 7.026870e-03 2.178025e-03 8.814658e-02
1.210100e+03 1.099589e-03 2.944607e-03 2.917979e-02 4.243621e-04
1.218800e+03 6.355064e-03 7.310817e-03 6.419356e-04 2.178894e-02
1.227600e+03 9.244847e-05 8.981824e-03 5.616544e-04 4.285795e-02
1.236500e+03 1.462822e-03 6.028014e-03 3.486594e-03 8.900071e-03
1.245400e+03 5.764129e-03 2.227779e-03 1.121893e-02 1.997086e-02
1.254400e+03 3.190464e-03 1.059669e-02 1.954106e-02 7.804627e-03
1.263500e+03 1.932755e-03 3.626095e-03 5.555721e-03 1.802148e-02
1.272600e+03 8.246640e-03 8.187339e-03 3.565417e-03 9.545921e-03
1.281800e+03 6.622406e-04 2.012567e-03 9.361318e-03 6.762562e-03
1.291000e+03 2.128803e-03 1.161190e-02 3.279428e-03 4.326983e-03
1.300400e+03 3.191134e-03 7.015706e-03 1.220528e-04 1.535082e-02
1.309700e+03 2.279992e-03 4.109026e-04 2.081745e-02 1.743042e-03
1.319200e+03 1.002960e-03 1.975141e-03 2.228599e-02 4.640619e-02
1.328700e+03 4.367834e-03 4.015976e-03 5.206488e-03 6.579819e-03
1.338300e+03 5.352836e-03 2.748637e-03 2.531540e-03 5.431233e-03
1.348000e+03 5.636192e-04 1.084018e-02 3.475721e-03 6.268857e-04
1.357700e+03 4.047933e-03 8.150539e-03 8.859235e-03 5.995491e-03
1.367500e+03 4.277641e-04 4.584690e-03 4.491541e-03 3.747570e-02
1.377400e+03 1.589497e-03 6.974722e-03 7.511875e-03 2.671195e-02
1.387400e+03 4.172063e-04 8.866820e-03 7.067130e-03 2.355258e-02
1.397400e+03 3.312209e-03 5.163393e-04 1.070244e-02 1.957882e-02
1.407500e+03 2.717556e-03 3.654982e-03 3.000551e-03 1.187837e-03
1.417600e+03 2.877034e-03 7.197030e-03 9.423238e-03 3.825718e-02
1.427900e+03 3.653460e-03 4.172239e-04 1.474138e-02 1.581242e-02
1.438200e+03 5.159938e-03 4.215105e-03 4.498294e-03 2.673042e-02
1.448600e+03 2.323684e-03 3.133615e-03 1.516156e-03 5.476922e-02
1.459000e+03 2.024597e-03 1.273347e-03 7.052489e-03 6.677274e-03
1.469600e+03 1.574327e-03 1.540985e-02 2.751083e-03 5.710759e-02
1.480200e+03 2.377127e-03 3.632977e-03 8.069151e-03 2.485895e-02
1.490900e+03 2.085747e-03 1.589944e-03 3.733667e-03 4.505608e-02
1.501600e+03 2.188773e-04 5.532445e-03 1.595383e-02 4.790151e-02
1.512500e+03 6.787315e-04 7.021660e-03 5.700640e-03 3.950475e-02
1.523400e+03 4.795173e-03 1.434127e-02 6.023134e-03 2.346316e-02
1.534400e+03 2.443107e-03 1.813850e-03 1.758302e-02 2.156384e-02
1.545500e+03 3.057730e-03 1.602234e-03 9.782133e-03 4.220570e-02
1.556600e+03 5.662580e-03 5.692920e-03 2.423891e-02 2.729678e-02
1.567900e+03 6.364790e-03 7.719238e-03 7.875017e-03 3.223637e-02
1.579200e+03 1.061310e-03 6.370527e-03 1.523330e-02 5.174420e-02
1.590600e+03 2.829799e-03 1.453717e-03 3.825601e-04 1.469284e-02
1.602100e+03 2.864648e-03 1.522830e-03 8.537563e-03 2.869597e-02
1.613700e+03 4.274847e-03 3.166877e-03 1.139720e-02 1.334134e-02
1.625300e+03 2.100018e-03 1.267320e-02 1.179688e-02 2.373416e-02
1.637100e+03 2.676981e-03 4.726687e-03 1.274239e-02 4.161143e-02
1.648900e+03 6.524336e-03 1.429834e-02 1.432477e-02 5.852103e-02
1.660800e+03 4.708522e-04 1.221984e-03 2.596754e-03 1.109168e-02
1.672800e+03 1.976937e-03 6.759553e-03 9.173087e-03 2.113282e-03
1.684900e+03 5.334257e-03 2.021079e-03 2.019145e-02 1.919421e-02
1.697000e+03 2.744924e-03 4.374609e-03 6.480178e-03 2.034895e-02
1.709300e+03 1.815585e-03 2.708974e-03 2.484814e-03 3.204792e-02
1.721600e+03 2.149580e-03 5.249797e-03 2.206182e-04 4.327094e-03
1.734100e+03 5.571652e-03 6.499114e-03 1.186436e-02 4.123234e-03
1.746600e+03 3.510246e-03 3.556187e-03 1.504416e-02 1.297088e-03
1.759200e+03 6.097631e-03 5.394192e-03 1.469266e-03 1.807330e-02
1.771900e+03 2.664991e-03 1.860672e-03 3.249181e-02 1.129914e-02
1.784700e+03 5.367290e-04 1.619101e-02 9.361925e-03 2.474814e-02
1.797600e+03 3.521096e-04 1.002234e-02 2.148581e-03 2.760838e-03
1.810600e+03 2.442011e-03 1.864079e-03 3.049890e-03 1.733071e-02
1.823600e+03 1.633979e-03 7.917407e-03 3.320343e-04 2.861136e-03
1.836800e+03 3.541603e-04 9.124985e-03 1.728911e-02 3.474249e-02
1.850100e+03 2.050017e-03 5.106923e-03 7.391216e-03 5.387483e-02
1.863400e+03 3.161734e-03 2.741876e-04 1.344149e-02 2.368903e-02
1.876900e+03 1.107096e-03 7.236067e-03 2.332531e-02 1.651568e-02
1.890400e+03 3.980656e-03 4.067812e-03 1.592334e-02 2.154891e-02
1.904100e+03 1.263063e-03 3.268399e-04 9.912840e-04 5.386859e-02
1.917800e+03 2.781364e-03 6.974864e-03 8.470983e-03 3.330679e-03
1.931700e+03 2.515817e-03 2.773786e-03 4.559582e-03 2.390573e-02
1.945600e+03 2.345487e-04 1.030251e-02 6.922590e-03 2.597983e-02
1.959700e+03 4.393120e-04 1.888999e-03 9.127756e-03 1.035882e-02
1.973800e+03 4.533129e-03 1.392483e-02 3.929072e-03 4.261716e-02
1.988100e+03 5.783589e-03 1.309033e-02 2.688408e-02 3.364027e-02
2.002500e+03 9.788698e-04 5.718276e-03 7.576735e-03 1.538656e-02
2.016900e+03 4.640854e-04 4.778737e-03 1.156459e-02 5.058846e-03
2.031500e+03 4.940134e-03 3.297238e-03 1.278127e-02 2.727856e-03
2.046200e+03 3.930308e-03 4.560724e-03 3.420245e-03 2.441522e-02
2.060900e+03 1.390381e-03 2.889176e-03 1.222110e-02 3.421067e-02
2.075800e+03 3.959402e-04 2.034515e-03 1.781592e-03 1.294644e-02
2.090800e+03 3.414752e-03 4.767499e-03 3.414877e-03 8.273434e-03
2.105900e+03 2.789111e-04 1.018686e-02 1.794536e-02 2.649964e-02
2.121100e+03 2.045031e-03 6.402070e-03 1.844561e-02 3.753607e-03
2.136400e+03 7.239056e-05 1.210589e-03 1.020844e-02 3.350033e-02
2.151900e+03 2.206237e-03 1.359866e-02 9.358681e-03 1.738627e-02
2.167400e+03 2.150097e-03 1.789260e-03 6.384325e-03 2.665860e-02
2.183000e+03 1.195814e-03 3.297986e-05 5.898577e-03 1.613443e-02
2.198800e+03 9.299262e-04 5.780462e-03 2.809577e-02 1.313577e-02
2.214700e+03 1.487180e-03 4.332182e-03 2.216910e-02 7.101780e-03
2.230700e+03 3.341346e-03 6.335463e-03 2.188231e-02 3.038047e-02
