# freq  0 1 2 3
3.540000e+01 1.976104e-01 1.050267e-01 8.424617e-02 5.809384e-02
3.560000e+01 1.976073e-01 1.050258e-01 8.424608e-02 5.811795e-02
3.590000e+01 1.976011e-01 1.050239e-01 8.424590e-02 5.816590e-02
3.610000e+01 1.975911e-01 1.050211e-01 8.424563e-02 5.823714e-02
3.640000e+01 1.975764e-01 1.050172e-01 8.424527e-02 5.833087e-02
3.660000e+01 1.975564e-01 1.050122e-01 8.424480e-02 5.844605e-02
3.690000e+01 1.975297e-01 1.050061e-01 8.424422e-02 5.858122e-02
3.720000e+01 1.974948e-01 1.049987e-01 8.424353e-02 5.873504e-02
3.740000e+01 1.974495e-01 1.049900e-01 8.424271e-02 5.890584e-02
3.770000e+01 1.973915e-01 1.049799e-01 8.424175e-02 5.909182e-02
3.800000e+01 1.973180e-01 1.049681e-01 8.424064e-02 5.929104e-02
3.830000e+01 1.972258e-01 1.049549e-01 8.423937e-02 5.950150e-02
3.850000e+01 1.971113e-01 1.049399e-01 8.423793e-02 5.972112e-02
3.880000e+01 1.969703e-01 1.049231e-01 8.423630e-02 5.994782e-02
3.910000e+01 1.967983e-01 1.049043e-01 8.423446e-02 6.017949e-02
3.940000e+01 1.965904e-01 1.048835e-01 8.423241e-02 6.041411e-02
3.970000e+01 1.963415e-01 1.048606e-01 8.423014e-02 6.064966e-02
4.000000e+01 1.960460e-01 1.048355e-01 8.422761e-02 6.088424e-02
4.020000e+01 1.956985e-01 1.048082e-01 8.422484e-02 6.111603e-02
4.050000e+01 1.952936e-01 1.047788e-01 8.422179e-02 6.134334e-02
4.080000e+01 1.948259e-01 1.047472e-01 8.421847e-02 6.156460e-02
4.110000e+01 1.942908e-01 1.047136e-01 8.421481e-02 6.177837e-02
4.140000e+01 1.936840e-01 1.046780e-01 8.421084e-02 6.198334e-02
4.170000e+01 1.930022e-01 1.046408e-01 8.420655e-02 6.217847e-02
4.200000e+01 1.922431e-01 1.046023e-01 8.420193e-02 6.236266e-02
4.230000e+01 1.914056e-01 1.045626e-01 8.419698e-02 6.253500e-02
4.260000e+01 1.904899e-01 1.045223e-01 8.419169e-02 6.269471e-02
4.290000e+01 1.894980e-01 1.044819e-01 8.418605e-02 6.284113e-02
4.320000e+01 1.884335e-01 1.044420e-01 8.418007e-02 6.297369e-02
4.360000e+01 1.873013e-01 1.044032e-01 8.417373e-02 6.309190e-02
4.390000e+01 1.861085e-01 1.043663e-01 8.416702e-02 6.319533e-02
4.420000e+01 1.848634e-01 1.043322e-01 8.415995e-02 6.328361e-02
4.450000e+01 1.835758e-01 1.043019e-01 8.415250e-02 6.335642e-02
4.480000e+01 1.822570e-01 1.042765e-01 8.414467e-02 6.341344e-02
4.520000e+01 1.809190e-01 1.042570e-01 8.413644e-02 6.345440e-02
4.550000e+01 1.795745e-01 1.042448e-01 8.412778e-02 6.347902e-02
4.580000e+01 1.782369e-01 1.042411e-01 8.411867e-02 6.348700e-02
4.610000e+01 1.769194e-01 1.042474e-01 8.410908e-02 6.347807e-02
4.650000e+01 1.756349e-01 1.042651e-01 8.409896e-02 6.345194e-02
4.680000e+01 1.743959e-01 1.042957e-01 8.408825e-02 6.340832e-02
4.710000e+01 1.732138e-01 1.043408e-01 8.407690e-02 6.334690e-02
4.750000e+01 1.720995e-01 1.044020e-01 8.406481e-02 6.326740e-02
4.780000e+01 1.710617e-01 1.044808e-01 8.405190e-02 6.316956e-02
4.820000e+01 1.701080e-01 1.045788e-01 8.403805e-02 6.305314e-02
4.850000e+01 1.692443e-01 1.046975e-01 8.402312e-02 6.291794e-02
4.890000e+01 1.684750e-01 1.048384e-01 8.400696e-02 6.276387e-02
4.920000e+01 1.678029e-01 1.050030e-01 8.398941e-02 6.259085e-02
4.960000e+01 1.672294e-01 1.051926e-01 8.397028e-02 6.239893e-02
4.990000e+01 1.667543e-01 1.054083e-01 8.394933e-02 6.218830e-02
5.030000e+01 1.663763e-01 1.056513e-01 8.392636e-02 6.195928e-02
5.070000e+01 1.660931e-01 1.059225e-01 8.390109e-02 6.171234e-02
5.100000e+01 1.659014e-01 1.062226e-01 8.387326e-02 6.144813e-02
5.140000e+01 1.657973e-01 1.065521e-01 8.384257e-02 6.116749e-02
5.180000e+01 1.657767e-01 1.069115e-01 8.380873e-02 6.087148e-02
5.210000e+01 1.658350e-01 1.073007e-01 8.377141e-02 6.056132e-02
5.250000e+01 1.659677e-01 1.077197e-01 8.373028e-02 6.023858e-02
5.290000e+01 1.661705e-01 1.081680e-01 8.368502e-02 5.990482e-02
5.330000e+01 1.664397e-01 1.086451e-01 8.363529e-02 5.956191e-02
5.370000e+01 1.667719e-01 1.091500e-01 8.358078e-02 5.921193e-02
5.410000e+01 1.671643e-01 1.096815e-01 8.352115e-02 5.885712e-02
5.440000e+01 1.676153e-01 1.102382e-01 8.345611e-02 5.849988e-02
5.480000e+01 1.681237e-01 1.108183e-01 8.338539e-02 5.814276e-02
5.520000e+01 1.686894e-01 1.114200e-01 8.330874e-02 5.778837e-02
5.560000e+01 1.693132e-01 1.120412e-01 8.322593e-02 5.743941e-02
5.600000e+01 1.699965e-01 1.126794e-01 8.313682e-02 5.709860e-02
5.640000e+01 1.707416e-01 1.133321e-01 8.304126e-02 5.676865e-02
5.680000e+01 1.715509e-01 1.139966e-01 8.293918e-02 5.645219e-02
5.730000e+01 1.724273e-01 1.146702e-01 8.283058e-02 5.615171e-02
5.770000e+01 1.733738e-01 1.153499e-01 8.271549e-02 5.586972e-02
5.810000e+01 1.743927e-01 1.160326e-01 8.259384e-02 5.560845e-02
5.850000e+01 1.754859e-01 1.167154e-01 8.246593e-02 5.536993e-02
5.890000e+01 1.766543e-01 1.173953e-01 8.233200e-02 5.515591e-02
5.940000e+01 1.778976e-01 1.180692e-01 8.219234e-02 5.496789e-02
5.980000e+01 1.792138e-01 1.187342e-01 8.204731e-02 5.480697e-02
6.020000e+01 1.805995e-01 1.193876e-01 8.189727e-02 5.467406e-02
6.060000e+01 1.820491e-01 1.200265e-01 8.174272e-02 5.456970e-02
6.110000e+01 1.835555e-01 1.206485e-01 8.158407e-02 5.449406e-02
6.150000e+01 1.851095e-01 1.212512e-01 8.142193e-02 5.444696e-02
6.200000e+01 1.867008e-01 1.218323e-01 8.125687e-02 5.442792e-02
6.240000e+01 1.883168e-01 1.223899e-01 8.108946e-02 5.443613e-02
6.290000e+01 1.899444e-01 1.229222e-01 8.092028e-02 5.447047e-02
6.330000e+01 1.915695e-01 1.234277e-01 8.074991e-02 5.452952e-02
6.380000e+01 1.931778e-01 1.239046e-01 8.057888e-02 5.461161e-02
6.420000e+01 1.947552e-01 1.243521e-01 8.040770e-02 5.471488e-02
6.470000e+01 1.962881e-01 1.247691e-01 8.023683e-02 5.483728e-02
6.520000e+01 1.977638e-01 1.251551e-01 8.006663e-02 5.497661e-02
6.560000e+01 1.991712e-01 1.255094e-01 7.989742e-02 5.513055e-02
6.610000e+01 2.005006e-01 1.258316e-01 7.972940e-02 5.529672e-02
6.660000e+01 2.017443e-01 1.261213e-01 7.956264e-02 5.547270e-02
6.710000e+01 2.028965e-01 1.263786e-01 7.939729e-02 5.565609e-02
6.760000e+01 2.039537e-01 1.266032e-01 7.923305e-02 5.584449e-02
6.800000e+01 2.049135e-01 1.267951e-01 7.906962e-02 5.603552e-02
6.850000e+01 2.057766e-01 1.269546e-01 7.890652e-02 5.622699e-02
6.900000e+01 2.065448e-01 1.270815e-01 7.874316e-02 5.641679e-02
6.950000e+01 2.072215e-01 1.271761e-01 7.857873e-02 5.660291e-02
7.000000e+01 2.078110e-01 1.272384e-01 7.841229e-02 5.678350e-02
7.050000e+01 2.083184e-01 1.272685e-01 7.824273e-02 5.695683e-02
7.100000e+01 2.087497e-01 1.272664e-01 7.806877e-02 5.712135e-02
7.160000e+01 2.091111e-01 1.272321e-01 7.788898e-02 5.727564e-02
7.210000e+01 2.094083e-01 1.271654e-01 7.770176e-02 5.741844e-02
7.260000e+01 2.096471e-01 1.270663e-01 7.750541e-02 5.754862e-02
7.310000e+01 2.098321e-01 1.269346e-01 7.729808e-02 5.766519e-02
7.370000e+01 2.099674e-01 1.267700e-01 7.707782e-02 5.776729e-02
7.420000e+01 2.100560e-01 1.265722e-01 7.684263e-02 5.785414e-02
7.470000e+01 2.100993e-01 1.263407e-01 7.659042e-02 5.792508e-02
7.530000e+01 2.100975e-01 1.260752e-01 7.631909e-02 5.797953e-02
7.580000e+01 2.100493e-01 1.257751e-01 7.602654e-02 5.801697e-02
7.640000e+01 2.099513e-01 1.254400e-01 7.571070e-02 5.803694e-02
7.690000e+01 2.097988e-01 1.250692e-01 7.536961e-02 5.803904e-02
7.750000e+01 2.095850e-01 1.246623e-01 7.500138e-02 5.802288e-02
7.800000e+01 2.093015e-01 1.242188e-01 7.460431e-02 5.798813e-02
7.860000e+01 2.089378e-01 1.237379e-01 7.417687e-02 5.793446e-02
7.910000e+01 2.084822e-01 1.232193e-01 7.371779e-02 5.786157e-02
7.970000e+01 2.079212e-01 1.226623e-01 7.322606e-02 5.776912e-02
8.030000e+01 2.072401e-01 1.220667e-01 7.270099e-02 5.765688e-02
8.090000e+01 2.064233e-01 1.214318e-01 7.214224e-02 5.752462e-02
8.150000e+01 2.054546e-01 1.207575e-01 7.154987e-02 5.737211e-02
8.200000e+01 2.043178e-01 1.200433e-01 7.092433e-02 5.719917e-02
8.260000e+01 2.029972e-01 1.192893e-01 7.026651e-02 5.700564e-02
8.320000e+01 2.014780e-01 1.184952e-01 6.957775e-02 5.679142e-02
8.380000e+01 1.997474e-01 1.176613e-01 6.885987e-02 5.655647e-02
8.440000e+01 1.977948e-01 1.167876e-01 6.811510e-02 5.630078e-02
8.510000e+01 1.956123e-01 1.158745e-01 6.734618e-02 5.602444e-02
8.570000e+01 1.931967e-01 1.149226e-01 6.655625e-02 5.572762e-02
8.630000e+01 1.905481e-01 1.139325e-01 6.574887e-02 5.541056e-02
8.690000e+01 1.876716e-01 1.129050e-01 6.492797e-02 5.507359e-02
8.750000e+01 1.845770e-01 1.118415e-01 6.409782e-02 5.471714e-02
8.820000e+01 1.812791e-01 1.107431e-01 6.326298e-02 5.434188e-02
8.880000e+01 1.777975e-01 1.096115e-01 6.242821e-02 5.394828e-02
8.940000e+01 1.741567e-01 1.084486e-01 6.159845e-02 5.353706e-02
9.010000e+01 1.703852e-01 1.072564e-01 6.077872e-02 5.310906e-02
9.070000e+01 1.665149e-01 1.060373e-01 5.997407e-02 5.266521e-02
9.140000e+01 1.625806e-01 1.047938e-01 5.918947e-02 5.220651e-02
9.210000e+01 1.586188e-01 1.035289e-01 5.842976e-02 5.173407e-02
9.270000e+01 1.546667e-01 1.022457e-01 5.769959e-02 5.124905e-02
9.340000e+01 1.507613e-01 1.009476e-01 5.700331e-02 5.075267e-02
9.410000e+01 1.469383e-01 9.963811e-02 5.634492e-02 5.024622e-02
9.470000e+01 1.432311e-01 9.832099e-02 5.572802e-02 4.973102e-02
9.540000e+01 1.396699e-01 9.700007e-02 5.515574e-02 4.920843e-02
9.610000e+01 1.362811e-01 9.567935e-02 5.463054e-02 4.867979e-02
9.680000e+01 1.330866e-01 9.436285e-02 5.415462e-02 4.814650e-02
9.750000e+01 1.301035e-01 9.305462e-02 5.372946e-02 4.760990e-02
9.820000e+01 1.273441e-01 9.175869e-02 5.335601e-02 4.707135e-02
9.890000e+01 1.248156e-01 9.047898e-02 5.303454e-02 4.653214e-02
9.960000e+01 1.225205e-01 8.921929e-02 5.276477e-02 4.599345e-02
1.004000e+02 1.204569e-01 8.798323e-02 5.254588e-02 4.545660e-02
1.011000e+02 1.186191e-01 8.677416e-02 5.237651e-02 4.492274e-02
1.018000e+02 1.169980e-01 8.559516e-02 5.225478e-02 4.439294e-02
1.026000e+02 1.155816e-01 8.444896e-02 5.217837e-02 4.386819e-02
1.033000e+02 1.143562e-01 8.333796e-02 5.214455e-02 4.334940e-02
1.040000e+02 1.133064e-01 8.226412e-02 5.215024e-02 4.283741e-02
1.048000e+02 1.124160e-01 8.122899e-02 5.219209e-02 4.233295e-02
1.055000e+02 1.116687e-01 8.023368e-02 5.226648e-02 4.183668e-02
1.063000e+02 1.110482e-01 7.927884e-02 5.236967e-02 4.134916e-02
1.071000e+02 1.105391e-01 7.836466e-02 5.249779e-02 4.087087e-02
1.078000e+02 1.101267e-01 7.749090e-02 5.264694e-02 4.040220e-02
1.086000e+02 1.097976e-01 7.665687e-02 5.281321e-02 3.994340e-02
1.094000e+02 1.095396e-01 7.586148e-02 5.299277e-02 3.949476e-02
1.102000e+02 1.093420e-01 7.510326e-02 5.318188e-02 3.905647e-02
1.110000e+02 1.091952e-01 7.438040e-02 5.337696e-02 3.862864e-02
1.118000e+02 1.090914e-01 7.369077e-02 5.357459e-02 3.821133e-02
1.126000e+02 1.090237e-01 7.303192e-02 5.377156e-02 3.780455e-02
1.134000e+02 1.089865e-01 7.240135e-02 5.396488e-02 3.740829e-02
1.142000e+02 1.089752e-01 7.179632e-02 5.415179e-02 3.702249e-02
1.151000e+02 1.089859e-01 7.121403e-02 5.432978e-02 3.664708e-02
1.159000e+02 1.090157e-01 7.065159e-02 5.449656e-02 3.628196e-02
1.167000e+02 1.090621e-01 7.010615e-02 5.465009e-02 3.592702e-02
1.176000e+02 1.091230e-01 6.957492e-02 5.478856e-02 3.558215e-02
1.184000e+02 1.091968e-01 6.905522e-02 5.491037e-02 3.524723e-02
1.193000e+02 1.092820e-01 6.854451e-02 5.501411e-02 3.492212e-02
1.201000e+02 1.093774e-01 6.804045e-02 5.509858e-02 3.460670e-02
1.210000e+02 1.094815e-01 6.754092e-02 5.516275e-02 3.430083e-02
1.219000e+02 1.095936e-01 6.704407e-02 5.520571e-02 3.400439e-02
1.228000e+02 1.097119e-01 6.654832e-02 5.522674e-02 3.371721e-02
1.236000e+02 1.098351e-01 6.605235e-02 5.522522e-02 3.343916e-02
1.245000e+02 1.099618e-01 6.555518e-02 5.520065e-02 3.317006e-02
1.254000e+02 1.100909e-01 6.505609e-02 5.515264e-02 3.290972e-02
1.263000e+02 1.102211e-01 6.455468e-02 5.508090e-02 3.265794e-02
1.273000e+02 1.103506e-01 6.405083e-02 5.498522e-02 3.241455e-02
1.282000e+02 1.104782e-01 6.354464e-02 5.486552e-02 3.217923e-02
1.291000e+02 1.106027e-01 6.303650e-02 5.472178e-02 3.195167e-02
1.300000e+02 1.107228e-01 6.252697e-02 5.455410e-02 3.173153e-02
1.310000e+02 1.108377e-01 6.201696e-02 5.436268e-02 3.151842e-02
1.319000e+02 1.109465e-01 6.150723e-02 5.414783e-02 3.131190e-02
1.329000e+02 1.110484e-01 6.099883e-02 5.390997e-02 3.111152e-02
1.338000e+02 1.111429e-01 6.049286e-02 5.364965e-02 3.091673e-02
1.348000e+02 1.112298e-01 5.999048e-02 5.336755e-02 3.072700e-02
1.358000e+02 1.113081e-01 5.949285e-02 5.306446e-02 3.054170e-02
1.368000e+02 1.113784e-01 5.900107e-02 5.274134e-02 3.036023e-02
1.377000e+02 1.114404e-01 5.851621e-02 5.239929e-02 3.018191e-02
1.387000e+02 1.114945e-01 5.803922e-02 5.203968e-02 3.000607e-02
1.397000e+02 1.115407e-01 5.757096e-02 5.166369e-02 2.983203e-02
1.407000e+02 1.115791e-01 5.711212e-02 5.127283e-02 2.965910e-02
1.418000e+02 1.116099e-01 5.666324e-02 5.086872e-02 2.948663e-02
1.428000e+02 1.116331e-01 5.622469e-02 5.045309e-02 2.931403e-02
1.438000e+02 1.116484e-01 5.579668e-02 5.002782e-02 2.914061e-02
1.449000e+02 1.116555e-01 5.537921e-02 4.959478e-02 2.896583e-02
1.459000e+02 1.116537e-01 5.497211e-02 4.915602e-02 2.878920e-02
1.470000e+02 1.116420e-01 5.457512e-02 4.871348e-02 2.861032e-02
1.480000e+02 1.116189e-01 5.418769e-02 4.826917e-02 2.842885e-02
1.491000e+02 1.115825e-01 5.380920e-02 4.782512e-02 2.824460e-02
1.502000e+02 1.115304e-01 5.343888e-02 4.738331e-02 2.805745e-02
1.512000e+02 1.114593e-01 5.307587e-02 4.694568e-02 2.786741e-02
1.523000e+02 1.113657e-01 5.271951e-02 4.651407e-02 2.767465e-02
1.534000e+02 1.112450e-01 5.236844e-02 4.609022e-02 2.747941e-02
1.545000e+02 1.110922e-01 5.202166e-02 4.567575e-02 2.728212e-02
1.557000e+02 1.109015e-01 5.167814e-02 4.527212e-02 2.708331e-02
1.568000e+02 1.106664e-01 5.133687e-02 4.488065e-02 2.688367e-02
1.579000e+02 1.103801e-01 5.099689e-02 4.450248e-02 2.668401e-02
1.591000e+02 1.100351e-01 5.065730e-02 4.413856e-02 2.648527e-02
1.602000e+02 1.096237e-01 5.031729e-02 4.378951e-02 2.628848e-02
1.614000e+02 1.091382e-01 4.997614e-02 4.345609e-02 2.609481e-02
1.625000e+02 1.085711e-01 4.963326e-02 4.313865e-02 2.590554e-02
1.637000e+02 1.079153e-01 4.928818e-02 4.283738e-02 2.572191e-02
1.649000e+02 1.071647e-01 4.894057e-02 4.255228e-02 2.554526e-02
1.661000e+02 1.063139e-01 4.859025e-02 4.228319e-02 2.537698e-02
1.673000e+02 1.053594e-01 4.823718e-02 4.202975e-02 2.521846e-02
1.685000e+02 1.042991e-01 4.788147e-02 4.179150e-02 2.507107e-02
1.697000e+02 1.031329e-01 4.752337e-02 4.156781e-02 2.493614e-02
1.709000e+02 1.018631e-01 4.716327e-02 4.135794e-02 2.481494e-02
1.722000e+02 1.004942e-01 4.680169e-02 4.116107e-02 2.470866e-02
1.734000e+02 9.903326e-02 4.643926e-02 4.097627e-02 2.461836e-02
1.747000e+02 9.748943e-02 4.607672e-02 4.080256e-02 2.454499e-02
1.759000e+02 9.587427e-02 4.571493e-02 4.063891e-02 2.448935e-02
1.772000e+02 9.420130e-02 4.535481e-02 4.048427e-02 2.445208e-02
1.785000e+02 9.248567e-02 4.499736e-02 4.033754e-02 2.443363e-02
1.798000e+02 9.074381e-02 4.464362e-02 4.019767e-02 2.443428e-02
1.811000e+02 8.899293e-02 4.429470e-02 4.006359e-02 2.445410e-02
1.824000e+02 8.725055e-02 4.395171e-02 3.993428e-02 2.449291e-02
1.837000e+02 8.553396e-02 4.361580e-02 3.980874e-02 2.455044e-02
1.850000e+02 8.385972e-02 4.328810e-02 3.968603e-02 2.462617e-02
1.863000e+02 8.224321e-02 4.296975e-02 3.956527e-02 2.471941e-02
1.877000e+02 8.069822e-02 4.266185e-02 3.944565e-02 2.482927e-02
1.890000e+02 7.923660e-02 4.236547e-02 3.932641e-02 2.495471e-02
1.904000e+02 7.786804e-02 4.208166e-02 3.920689e-02 2.509458e-02
1.918000e+02 7.659990e-02 4.181137e-02 3.908649e-02 2.524751e-02
1.932000e+02 7.543718e-02 4.155554e-02 3.896471e-02 2.541206e-02
1.946000e+02 7.438254e-02 4.131499e-02 3.884112e-02 2.558672e-02
1.960000e+02 7.343644e-02 4.109049e-02 3.871537e-02 2.576989e-02
1.974000e+02 7.259732e-02 4.088271e-02 3.858721e-02 2.595996e-02
1.988000e+02 7.186184e-02 4.069223e-02 3.845644e-02 2.615527e-02
2.002000e+02 7.122517e-02 4.051952e-02 3.832298e-02 2.635418e-02
2.017000e+02 7.068128e-02 4.036495e-02 3.818678e-02 2.655506e-02
2.031000e+02 7.022326e-02 4.022877e-02 3.804790e-02 2.675632e-02
2.046000e+02 6.984359e-02 4.011110e-02 3.790646e-02 2.695645e-02
2.061000e+02 6.953443e-02 4.001210e-02 3.776260e-02 2.715400e-02
2.076000e+02 6.928784e-02 3.993150e-02 3.761659e-02 2.734761e-02
2.091000e+02 6.909601e-02 3.986907e-02 3.746871e-02 2.753601e-02
2.106000e+02 6.895141e-02 3.982444e-02 3.731929e-02 2.771805e-02
2.121000e+02 6.884694e-02 3.979715e-02 3.716873e-02 2.789270e-02
2.136000e+02 6.877602e-02 3.978661e-02 3.701742e-02 2.805901e-02
2.152000e+02 6.873264e-02 3.979212e-02 3.686581e-02 2.821620e-02
2.167000e+02 6.871140e-02 3.981287e-02 3.671436e-02 2.836354e-02
2.183000e+02 6.870754e-02 3.984795e-02 3.656355e-02 2.850046e-02
2.199000e+02 6.871692e-02 3.989637e-02 3.641384e-02 2.862646e-02
2.215000e+02 6.873597e-02 3.995704e-02 3.626573e-02 2.874116e-02
2.231000e+02 6.876171e-02 4.002885e-02 3.611967e-02 2.884426e-02
2.247000e+02 6.879166e-02 4.011059e-02 3.597612e-02 2.893552e-02
2.263000e+02 6.882349e-02 4.020105e-02 3.583552e-02 2.901480e-02
2.279000e+02 6.885580e-02 4.029898e-02 3.569827e-02 2.908200e-02
2.296000e+02 6.888730e-02 4.040301e-02 3.556486e-02 2.913709e-02
2.312000e+02 6.891700e-02 4.051197e-02 3.543546e-02 2.918007e-02
2.329000e+02 6.894417e-02 4.062462e-02 3.531039e-02 2.921098e-02
2.346000e+02 6.896822e-02 4.073974e-02 3.518989e-02 2.922988e-02
2.363000e+02 6.898871e-02 4.085617e-02 3.507416e-02 2.923688e-02
2.380000e+02 6.900526e-02 4.097278e-02 3.496334e-02 2.923210e-02
2.397000e+02 6.901750e-02 4.108850e-02 3.485753e-02 2.921568e-02
2.414000e+02 6.902503e-02 4.120236e-02 3.475676e-02 2.918776e-02
2.432000e+02 6.902773e-02 4.131341e-02 3.466101e-02 2.914853e-02
2.449000e+02 6.902444e-02 4.142082e-02 3.457023e-02 2.909819e-02
2.467000e+02 6.901435e-02 4.152380e-02 3.448429e-02 2.903695e-02
2.485000e+02 6.899642e-02 4.162167e-02 3.440303e-02 2.896505e-02
2.503000e+02 6.896929e-02 4.171378e-02 3.432623e-02 2.888277e-02
2.521000e+02 6.893128e-02 4.179960e-02 3.425364e-02 2.879041e-02
2.539000e+02 6.888035e-02 4.187861e-02 3.418498e-02 2.868832e-02
2.557000e+02 6.881411e-02 4.195040e-02 3.411992e-02 2.857687e-02
2.576000e+02 6.872974e-02 4.201457e-02 3.405811e-02 2.845650e-02
2.595000e+02 6.862405e-02 4.207079e-02 3.399915e-02 2.832773e-02
2.613000e+02 6.849351e-02 4.211876e-02 3.394267e-02 2.819103e-02
2.632000e+02 6.833426e-02 4.215818e-02 3.388826e-02 2.804698e-02
2.651000e+02 6.814223e-02 4.218881e-02 3.383551e-02 2.789619e-02
2.670000e+02 6.791318e-02 4.221038e-02 3.378401e-02 2.773936e-02
2.690000e+02 6.764287e-02 4.222271e-02 3.373335e-02 2.757720e-02
2.709000e+02 6.732716e-02 4.222547e-02 3.368311e-02 2.741048e-02
2.729000e+02 6.696219e-02 4.221838e-02 3.363292e-02 2.724000e-02
2.748000e+02 6.654456e-02 4.220116e-02 3.358240e-02 2.706661e-02
2.768000e+02 6.607150e-02 4.217351e-02 3.353113e-02 2.689115e-02
2.788000e+02 6.554110e-02 4.213512e-02 3.347883e-02 2.671451e-02
2.808000e+02 6.495235e-02 4.208563e-02 3.342522e-02 2.653757e-02
2.829000e+02 6.430539e-02 4.202464e-02 3.337001e-02 2.636119e-02
2.849000e+02 6.360174e-02 4.195179e-02 3.331298e-02 2.618626e-02
2.870000e+02 6.284418e-02 4.186669e-02 3.325393e-02 2.601360e-02
2.890000e+02 6.203687e-02 4.176891e-02 3.319269e-02 2.584404e-02
2.911000e+02 6.118534e-02 4.165804e-02 3.312914e-02 2.567833e-02
2.932000e+02 6.029637e-02 4.153365e-02 3.306319e-02 2.551720e-02
2.953000e+02 5.937789e-02 4.139537e-02 3.299479e-02 2.536131e-02
2.975000e+02 5.843879e-02 4.124281e-02 3.292391e-02 2.521125e-02
2.996000e+02 5.748865e-02 4.107563e-02 3.285055e-02 2.506755e-02
3.018000e+02 5.653751e-02 4.089354e-02 3.277476e-02 2.493068e-02
3.040000e+02 5.559554e-02 4.069630e-02 3.269660e-02 2.480092e-02
3.062000e+02 5.467278e-02 4.048374e-02 3.261613e-02 2.467868e-02
3.084000e+02 5.377879e-02 4.025574e-02 3.253344e-02 2.456417e-02
3.106000e+02 5.292240e-02 4.001234e-02 3.244862e-02 2.445752e-02
3.128000e+02 5.211145e-02 3.975355e-02 3.236176e-02 2.435882e-02
3.151000e+02 5.135261e-02 3.947958e-02 3.227292e-02 2.426805e-02
3.174000e+02 5.065120e-02 3.919072e-02 3.218219e-02 2.418515e-02
3.197000e+02 5.001111e-02 3.888736e-02 3.208964e-02 2.410999e-02
3.220000e+02 4.943476e-02 3.857001e-02 3.199528e-02 2.404239e-02
3.243000e+02 4.892313e-02 3.823933e-02 3.189911e-02 2.398212e-02
3.266000e+02 4.847582e-02 3.789603e-02 3.180109e-02 2.392891e-02
3.290000e+02 4.809117e-02 3.754098e-02 3.170114e-02 2.388245e-02
3.314000e+02 4.776645e-02 3.717514e-02 3.159913e-02 2.384240e-02
3.338000e+02 4.749798e-02 3.679954e-02 3.149489e-02 2.380842e-02
3.362000e+02 4.728138e-02 3.641531e-02 3.138819e-02 2.378012e-02
3.386000e+02 4.711175e-02 3.602366e-02 3.127876e-02 2.375714e-02
3.410000e+02 4.698388e-02 3.562585e-02 3.116630e-02 2.373910e-02
3.435000e+02 4.689240e-02 3.522317e-02 3.105041e-02 2.372561e-02
3.460000e+02 4.683201e-02 3.481695e-02 3.093067e-02 2.371630e-02
3.485000e+02 4.679756e-02 3.440851e-02 3.080663e-02 2.371082e-02
3.510000e+02 4.678422e-02 3.399913e-02 3.067781e-02 2.370881e-02
3.535000e+02 4.678754e-02 3.359015e-02 3.054369e-02 2.370994e-02
3.561000e+02 4.680351e-02 3.318283e-02 3.040374e-02 2.371389e-02
3.587000e+02 4.682862e-02 3.277834e-02 3.025743e-02 2.372037e-02
3.613000e+02 4.685986e-02 3.237777e-02 3.010421e-02 2.372910e-02
3.639000e+02 4.689470e-02 3.198216e-02 2.994356e-02 2.373982e-02
3.665000e+02 4.693105e-02 3.159241e-02 2.977497e-02 2.375229e-02
3.691000e+02 4.696732e-02 3.120934e-02 2.959797e-02 2.376627e-02
3.718000e+02 4.700229e-02 3.083364e-02 2.941212e-02 2.378158e-02
3.745000e+02 4.703509e-02 3.046587e-02 2.921706e-02 2.379799e-02
3.772000e+02 4.706511e-02 3.010649e-02 2.901246e-02 2.381534e-02
3.799000e+02 4.709201e-02 2.975581e-02 2.879810e-02 2.383347e-02
3.827000e+02 4.711560e-02 2.941407e-02 2.857380e-02 2.385224e-02
3.854000e+02 4.713585e-02 2.908135e-02 2.833948e-02 2.387149e-02
3.882000e+02 4.715282e-02 2.875765e-02 2.809516e-02 2.389109e-02
3.910000e+02 4.716661e-02 2.844289e-02 2.784096e-02 2.391093e-02
3.938000e+02 4.717735e-02 2.813689e-02 2.757708e-02 2.393089e-02
3.967000e+02 4.718517e-02 2.783942e-02 2.730382e-02 2.395084e-02
3.995000e+02 4.719013e-02 2.755018e-02 2.702158e-02 2.397070e-02
4.024000e+02 4.719229e-02 2.726883e-02 2.673084e-02 2.399035e-02
4.053000e+02 4.719181e-02 2.699503e-02 2.643220e-02 2.400970e-02
4.083000e+02 4.718828e-02 2.672840e-02 2.612630e-02 2.402866e-02
4.112000e+02 4.718152e-02 2.646859e-02 2.581389e-02 2.404714e-02
4.142000e+02 4.717124e-02 2.621522e-02 2.549575e-02 2.406504e-02
4.172000e+02 4.715705e-02 2.596797e-02 2.517273e-02 2.408229e-02
4.202000e+02 4.713847e-02 2.572654e-02 2.484574e-02 2.409880e-02
4.232000e+02 4.711492e-02 2.549067e-02 2.451572e-02 2.411449e-02
4.263000e+02 4.708577e-02 2.526013e-02 2.418360e-02 2.412928e-02
4.294000e+02 4.705029e-02 2.503474e-02 2.385036e-02 2.414309e-02
4.325000e+02 4.700775e-02 2.481439e-02 2.351696e-02 2.415584e-02
4.356000e+02 4.695737e-02 2.459897e-02 2.318437e-02 2.416751e-02
4.387000e+02 4.689840e-02 2.438847e-02 2.285352e-02 2.417795e-02
4.419000e+02 4.683012e-02 2.418286e-02 2.252531e-02 2.418710e-02
4.451000e+02 4.675191e-02 2.398219e-02 2.220062e-02 2.419487e-02
4.483000e+02 4.666323e-02 2.378651e-02 2.188027e-02 2.420118e-02
4.515000e+02 4.656371e-02 2.359591e-02 2.156505e-02 2.420596e-02
4.548000e+02 4.645315e-02 2.341047e-02 2.125567e-02 2.420912e-02
4.581000e+02 4.633154e-02 2.323031e-02 2.095279e-02 2.421056e-02
4.614000e+02 4.619914e-02 2.305553e-02 2.065701e-02 2.421019e-02
4.647000e+02 4.605642e-02 2.288620e-02 2.036886e-02 2.420793e-02
4.681000e+02 4.590412e-02 2.272243e-02 2.008880e-02 2.420368e-02
4.715000e+02 4.574321e-02 2.256427e-02 1.981725e-02 2.419732e-02
4.749000e+02 4.557489e-02 2.241175e-02 1.955453e-02 2.418877e-02
4.783000e+02 4.540047e-02 2.226489e-02 1.930091e-02 2.417791e-02
4.817000e+02 4.522157e-02 2.212367e-02 1.905662e-02 2.416464e-02
4.852000e+02 4.503989e-02 2.198804e-02 1.882180e-02 2.414886e-02
4.887000e+02 4.485719e-02 2.185793e-02 1.859654e-02 2.413047e-02
4.923000e+02 4.467524e-02 2.173323e-02 1.838092e-02 2.410937e-02
4.958000e+02 4.449577e-02 2.161381e-02 1.817491e-02 2.408547e-02
4.994000e+02 4.432039e-02 2.149952e-02 1.797845e-02 2.405870e-02
5.030000e+02 4.415048e-02 2.139019e-02 1.779145e-02 2.402899e-02
5.066000e+02 4.398735e-02 2.128561e-02 1.761380e-02 2.399628e-02
5.103000e+02 4.383199e-02 2.118556e-02 1.744531e-02 2.396054e-02
5.140000e+02 4.368510e-02 2.108984e-02 1.728581e-02 2.392169e-02
5.177000e+02 4.354706e-02 2.099823e-02 1.713507e-02 2.387977e-02
5.214000e+02 4.341789e-02 2.091050e-02 1.699284e-02 2.383479e-02
5.252000e+02 4.329728e-02 2.082645e-02 1.685888e-02 2.378680e-02
5.290000e+02 4.318455e-02 2.074586e-02 1.673290e-02 2.373587e-02
5.328000e+02 4.307868e-02 2.066855e-02 1.661463e-02 2.368209e-02
5.366000e+02 4.297836e-02 2.059432e-02 1.650376e-02 2.362557e-02
5.405000e+02 4.288187e-02 2.052302e-02 1.640000e-02 2.356646e-02
5.444000e+02 4.278720e-02 2.045449e-02 1.630306e-02 2.350492e-02
5.484000e+02 4.269210e-02 2.038869e-02 1.621264e-02 2.344114e-02
5.523000e+02 4.259404e-02 2.032538e-02 1.612845e-02 2.337532e-02
5.563000e+02 4.249029e-02 2.026449e-02 1.605022e-02 2.330770e-02
5.603000e+02 4.237796e-02 2.020592e-02 1.597768e-02 2.323850e-02
5.644000e+02 4.225402e-02 2.014961e-02 1.591057e-02 2.316799e-02
5.684000e+02 4.211537e-02 2.009551e-02 1.584864e-02 2.309641e-02
5.725000e+02 4.195890e-02 2.004356e-02 1.579168e-02 2.302403e-02
5.767000e+02 4.178156e-02 1.999372e-02 1.573948e-02 2.295110e-02
5.808000e+02 4.158047e-02 1.994597e-02 1.569183e-02 2.287787e-02
5.850000e+02 4.135292e-02 1.990026e-02 1.564857e-02 2.280458e-02
5.893000e+02 4.109657e-02 1.985656e-02 1.560954e-02 2.273142e-02
5.935000e+02 4.080945e-02 1.981485e-02 1.557460e-02 2.265864e-02
5.978000e+02 4.049012e-02 1.977509e-02 1.554360e-02 2.258637e-02
6.021000e+02 4.013772e-02 1.973723e-02 1.551644e-02 2.251474e-02
6.065000e+02 3.975204e-02 1.970122e-02 1.549301e-02 2.244386e-02
6.109000e+02 3.933365e-02 1.966703e-02 1.547321e-02 2.237377e-02
6.153000e+02 3.888386e-02 1.963457e-02 1.545694e-02 2.230450e-02
6.197000e+02 3.840482e-02 1.960380e-02 1.544413e-02 2.223601e-02
6.242000e+02 3.789946e-02 1.957463e-02 1.543468e-02 2.216824e-02
6.287000e+02 3.737149e-02 1.954698e-02 1.542849e-02 2.210106e-02
6.332000e+02 3.682535e-02 1.952077e-02 1.542547e-02 2.203433e-02
6.378000e+02 3.626613e-02 1.949592e-02 1.542552e-02 2.196783e-02
6.424000e+02 3.569936e-02 1.947232e-02 1.542854e-02 2.190133e-02
6.470000e+02 3.513099e-02 1.944990e-02 1.543440e-02 2.183455e-02
6.517000e+02 3.456715e-02 1.942855e-02 1.544300e-02 2.176719e-02
6.564000e+02 3.401405e-02 1.940819e-02 1.545418e-02 2.169891e-02
6.612000e+02 3.347767e-02 1.938873e-02 1.546786e-02 2.162937e-02
6.659000e+02 3.296371e-02 1.937010e-02 1.548381e-02 2.155820e-02
6.708000e+02 3.247737e-02 1.935222e-02 1.550186e-02 2.148504e-02
6.756000e+02 3.202324e-02 1.933505e-02 1.552183e-02 2.140953e-02
6.805000e+02 3.160514e-02 1.931850e-02 1.554354e-02 2.133133e-02
6.854000e+02 3.122601e-02 1.930254e-02 1.556679e-02 2.125009e-02
6.903000e+02 3.088792e-02 1.928712e-02 1.559137e-02 2.116554e-02
6.953000e+02 3.059197e-02 1.927223e-02 1.561709e-02 2.107742e-02
7.003000e+02 3.033837e-02 1.925788e-02 1.564373e-02 2.098550e-02
7.054000e+02 3.012644e-02 1.924403e-02 1.567107e-02 2.088964e-02
7.105000e+02 2.995474e-02 1.923071e-02 1.569892e-02 2.078975e-02
7.156000e+02 2.982111e-02 1.921793e-02 1.572706e-02 2.068580e-02
7.208000e+02 2.972289e-02 1.920573e-02 1.575531e-02 2.057784e-02
7.260000e+02 2.965694e-02 1.919413e-02 1.578347e-02 2.046599e-02
7.312000e+02 2.961990e-02 1.918319e-02 1.581136e-02 2.035046e-02
7.365000e+02 2.960825e-02 1.917295e-02 1.583882e-02 2.023152e-02
7.418000e+02 2.961846e-02 1.916345e-02 1.586570e-02 2.010955e-02
7.472000e+02 2.964713e-02 1.915475e-02 1.589186e-02 1.998499e-02
7.526000e+02 2.969105e-02 1.914690e-02 1.591720e-02 1.985835e-02
7.580000e+02 2.974731e-02 1.913994e-02 1.594157e-02 1.973022e-02
7.635000e+02 2.981331e-02 1.913392e-02 1.596489e-02 1.960123e-02
7.690000e+02 2.988684e-02 1.912888e-02 1.598709e-02 1.947210e-02
7.746000e+02 2.996602e-02 1.912485e-02 1.600811e-02 1.934356e-02
7.802000e+02 3.004935e-02 1.912184e-02 1.602790e-02 1.921639e-02
7.858000e+02 3.013563e-02 1.911987e-02 1.604643e-02 1.909140e-02
7.915000e+02 3.022395e-02 1.911895e-02 1.606369e-02 1.896937e-02
7.972000e+02 3.031363e-02 1.911907e-02 1.607966e-02 1.885114e-02
8.029000e+02 3.040416e-02 1.912021e-02 1.609436e-02 1.873747e-02
8.087000e+02 3.049517e-02 1.912233e-02 1.610779e-02 1.862913e-02
8.146000e+02 3.058634e-02 1.912542e-02 1.611998e-02 1.852684e-02
8.205000e+02 3.067742e-02 1.912940e-02 1.613096e-02 1.843127e-02
8.264000e+02 3.076814e-02 1.913423e-02 1.614077e-02 1.834301e-02
8.324000e+02 3.085821e-02 1.913984e-02 1.614943e-02 1.826261e-02
8.384000e+02 3.094731e-02 1.914610e-02 1.615698e-02 1.819051e-02
8.444000e+02 3.103506e-02 1.915298e-02 1.616347e-02 1.812708e-02
8.505000e+02 3.112106e-02 1.916037e-02 1.616893e-02 1.807260e-02
8.567000e+02 3.120496e-02 1.916821e-02 1.617340e-02 1.802724e-02
8.629000e+02 3.128618e-02 1.917640e-02 1.617692e-02 1.799111e-02
8.691000e+02 3.136429e-02 1.918482e-02 1.617951e-02 1.796418e-02
8.754000e+02 3.143886e-02 1.919338e-02 1.618120e-02 1.794638e-02
8.817000e+02 3.150949e-02 1.920197e-02 1.618201e-02 1.793752e-02
8.881000e+02 3.157585e-02 1.921050e-02 1.618198e-02 1.793734e-02
8.945000e+02 3.163767e-02 1.921887e-02 1.618110e-02 1.794553e-02
9.009000e+02 3.169483e-02 1.922699e-02 1.617940e-02 1.796167e-02
9.074000e+02 3.174711e-02 1.923476e-02 1.617688e-02 1.798532e-02
9.140000e+02 3.179444e-02 1.924208e-02 1.617354e-02 1.801598e-02
9.206000e+02 3.183692e-02 1.924888e-02 1.616940e-02 1.805312e-02
9.272000e+02 3.187465e-02 1.925505e-02 1.616444e-02 1.809619e-02
9.339000e+02 3.190783e-02 1.926051e-02 1.615866e-02 1.814463e-02
9.407000e+02 3.193669e-02 1.926517e-02 1.615207e-02 1.819785e-02
9.475000e+02 3.196148e-02 1.926895e-02 1.614466e-02 1.825530e-02
9.543000e+02 3.198250e-02 1.927175e-02 1.613642e-02 1.831642e-02
9.612000e+02 3.199999e-02 1.927348e-02 1.612737e-02 1.838067e-02
9.681000e+02 3.201429e-02 1.927405e-02 1.611750e-02 1.844754e-02
9.751000e+02 3.202564e-02 1.927335e-02 1.610683e-02 1.851654e-02
9.822000e+02 3.203427e-02 1.927128e-02 1.609536e-02 1.858724e-02
9.893000e+02 3.204034e-02 1.926772e-02 1.608311e-02 1.865923e-02
9.964000e+02 3.204396e-02 1.926257e-02 1.607010e-02 1.873212e-02
1.003600e+03 3.204517e-02 1.925568e-02 1.605637e-02 1.880559e-02
1.010900e+03 3.204393e-02 1.924695e-02 1.604194e-02 1.887935e-02
1.018200e+03 3.204014e-02 1.923622e-02 1.602685e-02 1.895313e-02
1.025500e+03 3.203359e-02 1.922335e-02 1.601115e-02 1.902672e-02
1.032900e+03 3.202399e-02 1.920819e-02 1.599490e-02 1.909992e-02
1.040400e+03 3.201098e-02 1.919060e-02 1.597814e-02 1.917256e-02
1.047900e+03 3.199410e-02 1.917040e-02 1.596096e-02 1.924451e-02
1.055400e+03 3.197282e-02 1.914745e-02 1.594340e-02 1.931564e-02
1.063100e+03 3.194656e-02 1.912160e-02 1.592554e-02 1.938586e-02
1.070700e+03 3.191465e-02 1.909267e-02 1.590747e-02 1.945509e-02
1.078500e+03 3.187643e-02 1.906054e-02 1.588924e-02 1.952323e-02
1.086300e+03 3.183120e-02 1.902507e-02 1.587093e-02 1.959027e-02
1.094100e+03 3.177827e-02 1.898612e-02 1.585262e-02 1.965610e-02
1.102000e+03 3.171701e-02 1.894360e-02 1.583439e-02 1.972068e-02
1.110000e+03 3.164684e-02 1.889742e-02 1.581626e-02 1.978396e-02
1.118000e+03 3.156729e-02 1.884750e-02 1.579833e-02 1.984586e-02
1.126100e+03 3.147802e-02 1.879381e-02 1.578065e-02 1.990635e-02
1.134200e+03 3.137885e-02 1.873634e-02 1.576328e-02 1.996538e-02
1.142400e+03 3.126976e-02 1.867510e-02 1.574625e-02 2.002288e-02
1.150600e+03 3.115089e-02 1.861015e-02 1.572960e-02 2.007882e-02
1.158900e+03 3.102271e-02 1.854158e-02 1.571335e-02 2.013315e-02
1.167300e+03 3.088586e-02 1.846951e-02 1.569749e-02 2.018582e-02
1.175700e+03 3.074116e-02 1.839411e-02 1.568204e-02 2.023680e-02
1.184200e+03 3.058967e-02 1.831556e-02 1.566697e-02 2.028607e-02
1.192800e+03 3.043257e-02 1.823410e-02 1.565225e-02 2.033359e-02
1.201400e+03 3.027121e-02 1.815001e-02 1.563783e-02 2.037939e-02
1.210100e+03 3.010701e-02 1.806358e-02 1.562367e-02 2.042344e-02
1.218800e+03 2.994142e-02 1.797514e-02 1.560968e-02 2.046578e-02
1.227600e+03 2.977590e-02 1.788503e-02 1.559577e-02 2.050646e-02
1.236500e+03 2.961180e-02 1.779365e-02 1.558185e-02 2.054551e-02
1.245400e+03 2.945036e-02 1.770139e-02 1.556779e-02 2.058297e-02
1.254400e+03 2.929262e-02 1.760866e-02 1.555346e-02 2.061895e-02
1.263500e+03 2.913938e-02 1.751587e-02 1.553871e-02 2.065355e-02
1.272600e+03 2.899116e-02 1.742343e-02 1.552338e-02 2.068688e-02
1.281800e+03 2.884817e-02 1.733176e-02 1.550731e-02 2.071910e-02
1.291000e+03 2.871026e-02 1.724125e-02 1.549031e-02 2.075036e-02
1.300400e+03 2.857696e-02 1.715228e-02 1.547217e-02 2.078084e-02
1.309700e+03 2.844743e-02 1.706522e-02 1.545270e-02 2.081074e-02
1.319200e+03 2.832051e-02 1.698041e-02 1.543168e-02 2.084028e-02
1.328700e+03 2.819474e-02 1.689814e-02 1.540888e-02 2.086968e-02
1.338300e+03 2.806838e-02 1.681869e-02 1.538408e-02 2.089918e-02
1.348000e+03 2.793950e-02 1.674230e-02 1.535705e-02 2.092906e-02
1.357700e+03 2.780598e-02 1.666914e-02 1.532756e-02 2.095956e-02
1.367500e+03 2.766567e-02 1.659939e-02 1.529536e-02 2.099098e-02
1.377400e+03 2.751637e-02 1.653313e-02 1.526024e-02 2.102360e-02
1.387400e+03 2.735598e-02 1.647043e-02 1.522196e-02 2.105771e-02
1.397400e+03 2.718256e-02 1.641130e-02 1.518030e-02 2.109361e-02
1.407500e+03 2.699438e-02 1.635574e-02 1.513506e-02 2.113157e-02
1.417600e+03 2.679006e-02 1.630366e-02 1.508605e-02 2.117188e-02
1.427900e+03 2.656860e-02 1.625497e-02 1.503309e-02 2.121483e-02
1.438200e+03 2.632945e-02 1.620951e-02 1.497602e-02 2.126071e-02
1.448600e+03 2.607253e-02 1.616712e-02 1.491471e-02 2.130975e-02
1.459000e+03 2.579829e-02 1.612759e-02 1.484905e-02 2.136219e-02
1.469600e+03 2.550772e-02 1.609067e-02 1.477897e-02 2.141826e-02
1.480200e+03 2.520230e-02 1.605611e-02 1.470441e-02 2.147813e-02
1.490900e+03 2.488400e-02 1.602362e-02 1.462537e-02 2.154197e-02
1.501600e+03 2.455523e-02 1.599290e-02 1.454186e-02 2.160991e-02
1.512500e+03 2.421875e-02 1.596363e-02 1.445396e-02 2.168203e-02
1.523400e+03 2.387760e-02 1.593549e-02 1.436176e-02 2.175840e-02
1.534400e+03 2.353496e-02 1.590814e-02 1.426540e-02 2.183901e-02
1.545500e+03 2.319413e-02 1.588125e-02 1.416508e-02 2.192386e-02
1.556600e+03 2.285833e-02 1.585447e-02 1.406100e-02 2.201285e-02
1.567900e+03 2.253067e-02 1.582746e-02 1.395344e-02 2.210589e-02
1.579200e+03 2.221399e-02 1.579990e-02 1.384270e-02 2.220280e-02
1.590600e+03 2.191084e-02 1.577145e-02 1.372911e-02 2.230338e-02
1.602100e+03 2.162336e-02 1.574180e-02 1.361305e-02 2.240740e-02
1.613700e+03 2.135327e-02 1.571066e-02 1.349491e-02 2.251456e-02
1.625300e+03 2.110180e-02 1.567772e-02 1.337512e-02 2.262455e-02
1.637100e+03 2.086978e-02 1.564274e-02 1.325412e-02 2.273702e-02
1.648900e+03 2.065746e-02 1.560547e-02 1.313239e-02 2.285158e-02
1.660800e+03 2.046472e-02 1.556568e-02 1.301038e-02 2.296783e-02
1.672800e+03 2.029106e-02 1.552318e-02 1.288860e-02 2.308533e-02
1.684900e+03 2.013563e-02 1.547782e-02 1.276751e-02 2.320366e-02
1.697000e+03 1.999732e-02 1.542945e-02 1.264758e-02 2.332236e-02
1.709300e+03 1.987480e-02 1.537797e-02 1.252929e-02 2.344098e-02
1.721600e+03 1.976661e-02 1.532332e-02 1.241307e-02 2.355906e-02
1.734100e+03 1.967122e-02 1.526549e-02 1.229935e-02 2.367616e-02
1.746600e+03 1.958708e-02 1.520448e-02 1.218852e-02 2.379186e-02
1.759200e+03 1.951269e-02 1.514032e-02 1.208094e-02 2.390575e-02
1.771900e+03 1.944661e-02 1.507311e-02 1.197696e-02 2.401742e-02
1.784700e+03 1.938754e-02 1.500297e-02 1.187686e-02 2.412651e-02
1.797600e+03 1.933431e-02 1.493006e-02 1.178089e-02 2.423269e-02
1.810600e+03 1.928589e-02 1.485458e-02 1.168926e-02 2.433565e-02
1.823600e+03 1.924143e-02 1.477675e-02 1.160214e-02 2.443512e-02
1.836800e+03 1.920023e-02 1.469686e-02 1.151965e-02 2.453088e-02
1.850100e+03 1.916174e-02 1.461518e-02 1.144188e-02 2.462271e-02
1.863400e+03 1.912554e-02 1.453205e-02 1.136885e-02 2.471047e-02
1.876900e+03 1.909136e-02 1.444782e-02 1.130057e-02 2.479402e-02
1.890400e+03 1.905898e-02 1.436284e-02 1.123699e-02 2.487328e-02
1.904100e+03 1.902832e-02 1.427752e-02 1.117804e-02 2.494819e-02
1.917800e+03 1.899931e-02 1.419224e-02 1.112367e-02 2.501874e-02
1.931700e+03 1.897196e-02 1.410741e-02 1.107369e-02 2.508493e-02
1.945600e+03 1.894629e-02 1.402344e-02 1.102796e-02 2.514680e-02
1.959700e+03 1.892233e-02 1.394075e-02 1.098630e-02 2.520439e-02
1.973800e+03 1.890012e-02 1.385975e-02 1.094852e-02 2.525780e-02
1.988100e+03 1.887969e-02 1.378083e-02 1.091441e-02 2.530713e-02
2.002500e+03 1.886104e-02 1.370443e-02 1.088375e-02 2.535252e-02
2.016900e+03 1.884417e-02 1.363088e-02 1.085633e-02 2.539408e-02
2.031500e+03 1.882904e-02 1.356054e-02 1.083193e-02 2.543197e-02
2.046200e+03 1.881560e-02 1.349374e-02 1.081033e-02 2.546633e-02
2.060900e+03 1.880385e-02 1.343083e-02 1.079131e-02 2.549731e-02
2.075800e+03 1.879360e-02 1.337210e-02 1.077467e-02 2.552506e-02
2.090800e+03 1.878476e-02 1.331784e-02 1.076022e-02 2.554974e-02
2.105900e+03 1.877722e-02 1.326828e-02 1.074778e-02 2.557148e-02
2.121100e+03 1.877087e-02 1.322367e-02 1.073716e-02 2.559043e-02
2.136400e+03 1.876561e-02 1.318420e-02 1.072821e-02 2.560671e-02
2.151900e+03 1.876132e-02 1.315004e-02 1.072081e-02 2.562044e-02
2.167400e+03 1.875792e-02 1.312135e-02 1.071483e-02 2.563172e-02
2.183000e+03 1.875530e-02 1.309825e-02 1.071017e-02 2.564063e-02
2.198800e+03 1.875341e-02 1.308084e-02 1.070674e-02 2.564725e-02
2.214700e+03 1.875218e-02 1.306919e-02 1.070450e-02 2.565163e-02
2.230700e+03 1.875157e-02 1.306335e-02 1.070338e-02 2.565382e-02
