# freq eta
3.539999999999999858e+01 4.222861239476847217e-01
3.560000000000000142e+01 4.220148897450483050e-01
3.589999999999999858e+01 4.216001511545782177e-01
3.610000000000000142e+01 4.213217833093984011e-01
3.639999999999999858e+01 4.209141777385155270e-01
3.660000000000000142e+01 4.206429254846663079e-01
3.689999999999999858e+01 4.202328649248504577e-01
3.720000000000000284e+01 4.198230301963780664e-01
3.739999999999999858e+01 4.195500840784048280e-01
3.770000000000000284e+01 4.191441997995115076e-01
3.800000000000000000e+01 4.187360348963511392e-01
3.829999999999999716e+01 4.183273871239181485e-01
3.850000000000000000e+01 4.180537689374003163e-01
3.879999999999999716e+01 4.176394408291425053e-01
3.910000000000000142e+01 4.172249186525247566e-01
3.939999999999999858e+01 4.168096555543370774e-01
3.970000000000000284e+01 4.163929085318409107e-01
4.000000000000000000e+01 4.159710438535213495e-01
4.020000000000000284e+01 4.156895345613449977e-01
4.050000000000000000e+01 4.152629572183766937e-01
4.079999999999999716e+01 4.148351290596616336e-01
4.110000000000000142e+01 4.144018073756515763e-01
4.139999999999999858e+01 4.139694063066065022e-01
4.170000000000000284e+01 4.135314716844018523e-01
4.200000000000000000e+01 4.130870495955620281e-01
4.229999999999999716e+01 4.126461086907118325e-01
4.260000000000000142e+01 4.121997028204267832e-01
4.289999999999999858e+01 4.117492770236529376e-01
4.320000000000000284e+01 4.112977349868630617e-01
4.360000000000000142e+01 4.106915013072588994e-01
4.389999999999999858e+01 4.102339816044238141e-01
4.420000000000000284e+01 4.097794444804869762e-01
4.450000000000000000e+01 4.093219643715135803e-01
4.479999999999999716e+01 4.088632360351950878e-01
4.520000000000000284e+01 4.082574856907574268e-01
4.550000000000000000e+01 4.078027565872061611e-01
4.579999999999999716e+01 4.073510970512772555e-01
4.610000000000000142e+01 4.069010807063829227e-01
4.650000000000000000e+01 4.063094358998061151e-01
4.679999999999999716e+01 4.058733908320950046e-01
4.710000000000000142e+01 4.054435207941676778e-01
4.750000000000000000e+01 4.048819800099542898e-01
4.779999999999999716e+01 4.044678557204446356e-01
4.820000000000000284e+01 4.039342745974425219e-01
4.850000000000000000e+01 4.035420252579076106e-01
4.889999999999999858e+01 4.030386685683405301e-01
4.920000000000000284e+01 4.026791320427839938e-01
4.960000000000000142e+01 4.022176976318835306e-01
4.989999999999999858e+01 4.018890250581220180e-01
5.029999999999999716e+01 4.014727947626564042e-01
5.070000000000000284e+01 4.010877368990575786e-01
5.100000000000000000e+01 4.008176015124625957e-01
5.139999999999999858e+01 4.004810527862295300e-01
5.179999999999999716e+01 4.001746515077087007e-01
5.210000000000000142e+01 3.999692066488805819e-01
5.250000000000000000e+01 3.997187858535508620e-01
5.289999999999999858e+01 3.995010325688481689e-01
5.329999999999999716e+01 3.993182725425243329e-01
5.370000000000000284e+01 3.991615765836471486e-01
5.410000000000000142e+01 3.990385489660348006e-01
5.439999999999999858e+01 3.989609929518379561e-01
5.479999999999999716e+01 3.988921514187542816e-01
5.520000000000000284e+01 3.988456724960405264e-01
5.560000000000000142e+01 3.988281968878575334e-01
5.600000000000000000e+01 3.988353375064732642e-01
5.639999999999999858e+01 3.988677351171622809e-01
5.679999999999999716e+01 3.989209112530174295e-01
5.729999999999999716e+01 3.990208293640428172e-01
5.770000000000000284e+01 3.991209270535776565e-01
5.810000000000000142e+01 3.992394900547737713e-01
5.850000000000000000e+01 3.993751142643801044e-01
5.889999999999999858e+01 3.995240999327345777e-01
5.939999999999999858e+01 3.997361667788321693e-01
5.979999999999999716e+01 3.999137872169316044e-01
6.020000000000000284e+01 4.001058858272683039e-01
6.060000000000000142e+01 4.003070915556632414e-01
6.110000000000000142e+01 4.005747792204825686e-01
6.150000000000000000e+01 4.007904536050029276e-01
6.200000000000000000e+01 4.010780334790217672e-01
6.239999999999999858e+01 4.013150285329549760e-01
6.289999999999999858e+01 4.016159068050461078e-01
6.329999999999999716e+01 4.018617283457456280e-01
6.379999999999999716e+01 4.021720593061482996e-01
6.420000000000000284e+01 4.024243789792514292e-01
6.470000000000000284e+01 4.027434039929745913e-01
6.520000000000000284e+01 4.030685650966569500e-01
6.559999999999999432e+01 4.033283863717858631e-01
6.609999999999999432e+01 4.036533857771755773e-01
6.659999999999999432e+01 4.039804658718414432e-01
6.709999999999999432e+01 4.043088943650459122e-01
6.759999999999999432e+01 4.046356229510250091e-01
6.800000000000000000e+01 4.048995240193374867e-01
6.850000000000000000e+01 4.052270402002468019e-01
6.900000000000000000e+01 4.055578279965311173e-01
6.950000000000000000e+01 4.058861338765639704e-01
7.000000000000000000e+01 4.062117780439376546e-01
7.050000000000000000e+01 4.065396332393912404e-01
7.100000000000000000e+01 4.068652981985803607e-01
7.159999999999999432e+01 4.072551723454763684e-01
7.209999999999999432e+01 4.075805135323872785e-01
7.259999999999999432e+01 4.079047604261947235e-01
7.309999999999999432e+01 4.082276293211827833e-01
7.370000000000000284e+01 4.086151073709348713e-01
7.420000000000000284e+01 4.089397274741337629e-01
7.470000000000000284e+01 4.092621753093781400e-01
7.529999999999999716e+01 4.096483404673302298e-01
7.579999999999999716e+01 4.099724870473548943e-01
7.640000000000000568e+01 4.103606050423953544e-01
7.690000000000000568e+01 4.106861047037267398e-01
7.750000000000000000e+01 4.110759598065498177e-01
7.800000000000000000e+01 4.114002115751317912e-01
7.859999999999999432e+01 4.117948560974803440e-01
7.909999999999999432e+01 4.121250850599767479e-01
7.970000000000000284e+01 4.125212366066660641e-01
8.029999999999999716e+01 4.129195122804497631e-01
8.090000000000000568e+01 4.133210466909366665e-01
8.150000000000000000e+01 4.137278240745159708e-01
8.200000000000000000e+01 4.140664943152380650e-01
8.259999999999999432e+01 4.144774994170652982e-01
8.320000000000000284e+01 4.148908597908754770e-01
8.379999999999999716e+01 4.153099111258047871e-01
8.440000000000000568e+01 4.157322311840231932e-01
8.509999999999999432e+01 4.162308124134900811e-01
8.570000000000000284e+01 4.166610856850063160e-01
8.629999999999999716e+01 4.170982151805721072e-01
8.690000000000000568e+01 4.175398986398218271e-01
8.750000000000000000e+01 4.179844659230858572e-01
8.820000000000000284e+01 4.185110790268561365e-01
8.879999999999999716e+01 4.189676183973330414e-01
8.940000000000000568e+01 4.194290253802508417e-01
9.009999999999999432e+01 4.199722012559965467e-01
9.070000000000000284e+01 4.204436486800259831e-01
9.140000000000000568e+01 4.209988740622432890e-01
9.209999999999999432e+01 4.215598952703032420e-01
9.270000000000000284e+01 4.220439621770488703e-01
9.340000000000000568e+01 4.226154209841581078e-01
9.409999999999999432e+01 4.231890177680772691e-01
9.470000000000000284e+01 4.236855553603381397e-01
9.540000000000000568e+01 4.242663568867771628e-01
9.609999999999999432e+01 4.248515503788183878e-01
9.679999999999999716e+01 4.254368029926858252e-01
9.750000000000000000e+01 4.260225915566511201e-01
9.820000000000000284e+01 4.266065559946672359e-01
9.890000000000000568e+01 4.271888610454538937e-01
9.959999999999999432e+01 4.277698041317997690e-01
1.004000000000000057e+02 4.284281110603752052e-01
1.010999999999999943e+02 4.289943079682988492e-01
1.017999999999999972e+02 4.295544293802889269e-01
1.025999999999999943e+02 4.301828813821390041e-01
1.032999999999999972e+02 4.307228865990847533e-01
1.040000000000000000e+02 4.312482527533909038e-01
1.047999999999999972e+02 4.318312945618806853e-01
1.055000000000000000e+02 4.323215921328295019e-01
1.062999999999999972e+02 4.328630241241578358e-01
1.070999999999999943e+02 4.333735109913706141e-01
1.077999999999999972e+02 4.338001216538269200e-01
1.085999999999999943e+02 4.342580409400956798e-01
1.094000000000000057e+02 4.346831066564598722e-01
1.102000000000000028e+02 4.350733517802671257e-01
1.110000000000000000e+02 4.354275980279105895e-01
1.117999999999999972e+02 4.357453529978317364e-01
1.125999999999999943e+02 4.360207731033262646e-01
1.134000000000000057e+02 4.362593572060586844e-01
1.142000000000000028e+02 4.364555645779636395e-01
1.150999999999999943e+02 4.366295511207365365e-01
1.159000000000000057e+02 4.367381172411153867e-01
1.167000000000000028e+02 4.368051313674506386e-01
1.175999999999999943e+02 4.368356963424703254e-01
1.184000000000000057e+02 4.368198186756377388e-01
1.192999999999999972e+02 4.367569984089180180e-01
1.200999999999999943e+02 4.366612611488667195e-01
1.210000000000000000e+02 4.365124140562792743e-01
1.219000000000000057e+02 4.363214735260539379e-01
1.227999999999999972e+02 4.360904364299714175e-01
1.235999999999999943e+02 4.358542278984688934e-01
1.245000000000000000e+02 4.355581906664041103e-01
1.254000000000000057e+02 4.352308813350980188e-01
1.262999999999999972e+02 4.348752648436004509e-01
1.272999999999999972e+02 4.344517445770784136e-01
1.281999999999999886e+02 4.340490587319236759e-01
1.290999999999999943e+02 4.336242983764065362e-01
1.300000000000000000e+02 4.331854531174312295e-01
1.310000000000000000e+02 4.326807001255938423e-01
1.319000000000000057e+02 4.322172559998075925e-01
1.329000000000000057e+02 4.316900710986814604e-01
1.338000000000000114e+02 4.312112012524559335e-01
1.348000000000000114e+02 4.306722590022453168e-01
1.358000000000000114e+02 4.301332431326602701e-01
1.368000000000000114e+02 4.295914925728466782e-01
1.376999999999999886e+02 4.291046776703901777e-01
1.386999999999999886e+02 4.285679917585823451e-01
1.396999999999999886e+02 4.280344233454090874e-01
1.406999999999999886e+02 4.275070663985803820e-01
1.418000000000000114e+02 4.269341295080414378e-01
1.428000000000000114e+02 4.264211522533013499e-01
1.438000000000000114e+02 4.259167691408595191e-01
1.449000000000000057e+02 4.253717128954799254e-01
1.459000000000000057e+02 4.248861348305006946e-01
1.470000000000000000e+02 4.243637588014562700e-01
1.480000000000000000e+02 4.238986946247720877e-01
1.490999999999999943e+02 4.233983604943688528e-01
1.501999999999999886e+02 4.229132813414345771e-01
1.511999999999999886e+02 4.224806162579591295e-01
1.523000000000000114e+02 4.220186471482002544e-01
1.534000000000000057e+02 4.215684015395914086e-01
1.545000000000000000e+02 4.211322185366161430e-01
1.556999999999999886e+02 4.206688904888703506e-01
1.568000000000000114e+02 4.202594224962660219e-01
1.579000000000000057e+02 4.198607745748322295e-01
1.590999999999999943e+02 4.194414408156478258e-01
1.601999999999999886e+02 4.190698039616263526e-01
1.614000000000000057e+02 4.186775385616424150e-01
1.625000000000000000e+02 4.183318519454830020e-01
1.636999999999999886e+02 4.179672048966412978e-01
1.649000000000000057e+02 4.176167892805811022e-01
1.660999999999999943e+02 4.172818220111935705e-01
1.673000000000000114e+02 4.169598074975348623e-01
1.685000000000000000e+02 4.166533318854663270e-01
1.696999999999999886e+02 4.163591562186279571e-01
1.709000000000000057e+02 4.160810530627828130e-01
1.721999999999999886e+02 4.157929031755460136e-01
1.734000000000000057e+02 4.155437963614992958e-01
1.746999999999999886e+02 4.152871256806434097e-01
1.759000000000000057e+02 4.150670385229863757e-01
1.771999999999999886e+02 4.148434988247213795e-01
1.785000000000000000e+02 4.146356705378629881e-01
1.798000000000000114e+02 4.144429849443885261e-01
1.810999999999999943e+02 4.142665077469346868e-01
1.824000000000000057e+02 4.141062167475060285e-01
1.836999999999999886e+02 4.139599203531383886e-01
1.850000000000000000e+02 4.138304539194955778e-01
1.863000000000000114e+02 4.137146799661477470e-01
1.876999999999999886e+02 4.136059471080528183e-01
1.890000000000000000e+02 4.135191150779980451e-01
1.904000000000000057e+02 4.134401223518489044e-01
1.918000000000000114e+02 4.133750632301111394e-01
1.931999999999999886e+02 4.133241756431366709e-01
1.945999999999999943e+02 4.132875095896661466e-01
1.960000000000000000e+02 4.132626684636298009e-01
1.974000000000000057e+02 4.132503834852756519e-01
1.988000000000000114e+02 4.132477633641408743e-01
2.001999999999999886e+02 4.132541238914675952e-01
2.016999999999999886e+02 4.132730294064604348e-01
2.030999999999999943e+02 4.132971973254362386e-01
2.045999999999999943e+02 4.133323498635851911e-01
2.060999999999999943e+02 4.133771502047364765e-01
2.075999999999999943e+02 4.134263281358288578e-01
2.090999999999999943e+02 4.134833986662805327e-01
2.105999999999999943e+02 4.135448429299800610e-01
2.120999999999999943e+02 4.136135515525185546e-01
2.135999999999999943e+02 4.136860312865887623e-01
2.151999999999999886e+02 4.137668885915014028e-01
2.166999999999999886e+02 4.138471381190970133e-01
2.183000000000000114e+02 4.139352903807946293e-01
2.199000000000000057e+02 4.140299115398010099e-01
2.215000000000000000e+02 4.141256917673526994e-01
2.230999999999999943e+02 4.142269383850685216e-01
2.246999999999999886e+02 4.143278465804908217e-01
2.263000000000000114e+02 4.144332779486913365e-01
2.279000000000000057e+02 4.145433645865699845e-01
2.295999999999999943e+02 4.146628804538090018e-01
2.311999999999999886e+02 4.147777548630154909e-01
2.329000000000000057e+02 4.149021266446843437e-01
2.345999999999999943e+02 4.150312518270732887e-01
2.363000000000000114e+02 4.151649178310141131e-01
2.380000000000000000e+02 4.153015136588621981e-01
2.396999999999999886e+02 4.154422278595402696e-01
2.414000000000000057e+02 4.155849697048747404e-01
2.431999999999999886e+02 4.157425440847021814e-01
2.449000000000000057e+02 4.158937150932162097e-01
2.466999999999999886e+02 4.160581541320082510e-01
2.485000000000000000e+02 4.162276093963448997e-01
2.503000000000000114e+02 4.164010047225374378e-01
2.520999999999999943e+02 4.165781202977366648e-01
2.539000000000000057e+02 4.167585466710153619e-01
2.556999999999999886e+02 4.169409022560176536e-01
2.576000000000000227e+02 4.171380428874658652e-01
2.595000000000000000e+02 4.173377606693486341e-01
2.613000000000000114e+02 4.175300175500066824e-01
2.631999999999999886e+02 4.177333055669958939e-01
2.651000000000000227e+02 4.179363535650351125e-01
2.670000000000000000e+02 4.181404692879525653e-01
2.690000000000000000e+02 4.183537205820861971e-01
2.708999999999999773e+02 4.185551414618864374e-01
2.728999999999999773e+02 4.187630592290347842e-01
2.748000000000000114e+02 4.189566715645686723e-01
2.768000000000000114e+02 4.191548563238815528e-01
2.788000000000000114e+02 4.193462205297038281e-01
2.808000000000000114e+02 4.195295142910596131e-01
2.828999999999999773e+02 4.197123046245119782e-01
2.848999999999999773e+02 4.198736840931125980e-01
2.870000000000000000e+02 4.200330706940698100e-01
2.890000000000000000e+02 4.201697525888239415e-01
2.911000000000000227e+02 4.202981847649004954e-01
2.931999999999999886e+02 4.204114783722170956e-01
2.953000000000000114e+02 4.205059277752399849e-01
2.975000000000000000e+02 4.205879164379275337e-01
2.996000000000000227e+02 4.206456404832226714e-01
3.018000000000000114e+02 4.206872502640216505e-01
3.040000000000000000e+02 4.207074376012940875e-01
3.061999999999999886e+02 4.207079544270136418e-01
3.083999999999999773e+02 4.206889382677559408e-01
3.106000000000000227e+02 4.206494948209451024e-01
3.128000000000000114e+02 4.205923286830979824e-01
3.151000000000000227e+02 4.205138467346977160e-01
3.173999999999999773e+02 4.204173679234236571e-01
3.196999999999999886e+02 4.203036640573196148e-01
3.220000000000000000e+02 4.201744340230997854e-01
3.243000000000000114e+02 4.200318135254347274e-01
3.266000000000000227e+02 4.198774026128422321e-01
3.290000000000000000e+02 4.197060036917402148e-01
3.313999999999999773e+02 4.195250922649516601e-01
3.338000000000000114e+02 4.193361693494889186e-01
3.361999999999999886e+02 4.191405991491099492e-01
3.386000000000000227e+02 4.189415751714522518e-01
3.410000000000000000e+02 4.187399065415922106e-01
3.435000000000000000e+02 4.185286718542551299e-01
3.460000000000000000e+02 4.183175311718866363e-01
3.485000000000000000e+02 4.181092925230366908e-01
3.510000000000000000e+02 4.179036472993907236e-01
3.535000000000000000e+02 4.177018362180255906e-01
3.561000000000000227e+02 4.174985094711318734e-01
3.586999999999999886e+02 4.173020090775859670e-01
3.613000000000000114e+02 4.171142105913330789e-01
3.638999999999999773e+02 4.169349150075877808e-01
3.665000000000000000e+02 4.167630046984099890e-01
3.691000000000000227e+02 4.166036061288224124e-01
3.718000000000000114e+02 4.164472676629384917e-01
3.745000000000000000e+02 4.163016880126536590e-01
3.771999999999999886e+02 4.161688731129521424e-01
3.798999999999999773e+02 4.160476883336136078e-01
3.826999999999999886e+02 4.159322804668330598e-01
3.853999999999999773e+02 4.158332530098574620e-01
3.881999999999999886e+02 4.157426759489854518e-01
3.910000000000000000e+02 4.156621714202503592e-01
3.938000000000000114e+02 4.155916414891140387e-01
3.966999999999999886e+02 4.155291621854966255e-01
3.995000000000000000e+02 4.154781088541027456e-01
4.023999999999999773e+02 4.154328561167003886e-01
4.053000000000000114e+02 4.153952375030717792e-01
4.083000000000000114e+02 4.153640581354887118e-01
4.111999999999999886e+02 4.153380099632130174e-01
4.141999999999999886e+02 4.153170934268028969e-01
4.171999999999999886e+02 4.152977255888666286e-01
4.201999999999999886e+02 4.152831552275893512e-01
4.231999999999999886e+02 4.152696770028348472e-01
4.263000000000000114e+02 4.152568455885989329e-01
4.293999999999999773e+02 4.152432646946506711e-01
4.325000000000000000e+02 4.152301939934716635e-01
4.356000000000000227e+02 4.152169177508741038e-01
4.386999999999999886e+02 4.152009966231487992e-01
4.418999999999999773e+02 4.151844582940888428e-01
4.451000000000000227e+02 4.151671372543767058e-01
4.483000000000000114e+02 4.151460020779523252e-01
4.515000000000000000e+02 4.151253647960205240e-01
4.548000000000000114e+02 4.151034519435345960e-01
4.581000000000000227e+02 4.150814675264243303e-01
4.613999999999999773e+02 4.150579332847953995e-01
4.646999999999999886e+02 4.150351003566811747e-01
4.681000000000000227e+02 4.150128838805764997e-01
4.715000000000000000e+02 4.149926410159626156e-01
4.748999999999999773e+02 4.149730627823460805e-01
4.783000000000000114e+02 4.149572732185970447e-01
4.816999999999999886e+02 4.149437566877476891e-01
4.851999999999999886e+02 4.149353333699852264e-01
4.886999999999999886e+02 4.149297536254126784e-01
4.923000000000000114e+02 4.149290236548043298e-01
4.958000000000000114e+02 4.149334644731512145e-01
4.993999999999999773e+02 4.149452440577712786e-01
5.030000000000000000e+02 4.149597013459020989e-01
5.066000000000000227e+02 4.149806089524341601e-01
5.103000000000000114e+02 4.150077831553254382e-01
5.140000000000000000e+02 4.150403990488589212e-01
5.177000000000000455e+02 4.150777545181214556e-01
5.213999999999999773e+02 4.151174246536746271e-01
5.252000000000000455e+02 4.151639078163955054e-01
5.290000000000000000e+02 4.152128908475827274e-01
5.327999999999999545e+02 4.152620323956400239e-01
5.366000000000000227e+02 4.153138207330407394e-01
5.405000000000000000e+02 4.153655716388759966e-01
5.443999999999999773e+02 4.154160335257958137e-01
5.483999999999999773e+02 4.154655573792452317e-01
5.522999999999999545e+02 4.155100367314731313e-01
5.562999999999999545e+02 4.155507085183350879e-01
5.602999999999999545e+02 4.155846087089036245e-01
5.643999999999999773e+02 4.156143876328077247e-01
5.683999999999999773e+02 4.156347785633853764e-01
5.725000000000000000e+02 4.156476716694808005e-01
5.767000000000000455e+02 4.156525849280338636e-01
5.807999999999999545e+02 4.156482068735542490e-01
5.850000000000000000e+02 4.156350645153482626e-01
5.892999999999999545e+02 4.156129847507391006e-01
5.935000000000000000e+02 4.155830005623747381e-01
5.977999999999999545e+02 4.155466645412665971e-01
6.021000000000000227e+02 4.155021667398861029e-01
6.065000000000000000e+02 4.154513273073709434e-01
6.108999999999999773e+02 4.153956216841503402e-01
6.152999999999999545e+02 4.153367835599746094e-01
6.197000000000000455e+02 4.152761506067133013e-01
6.242000000000000455e+02 4.152128963484144619e-01
6.287000000000000455e+02 4.151491372434131244e-01
6.332000000000000455e+02 4.150875482162908470e-01
6.377999999999999545e+02 4.150279105625799270e-01
6.423999999999999773e+02 4.149703743281902835e-01
6.470000000000000000e+02 4.149162539293504426e-01
6.517000000000000455e+02 4.148682861355021401e-01
6.563999999999999773e+02 4.148250581231609502e-01
6.612000000000000455e+02 4.147860239704690977e-01
6.658999999999999773e+02 4.147545647332479546e-01
6.707999999999999545e+02 4.147265543837707069e-01
6.756000000000000227e+02 4.147052494596152328e-01
6.805000000000000000e+02 4.146882029437249373e-01
6.853999999999999773e+02 4.146760154329532932e-01
6.902999999999999545e+02 4.146676151916355857e-01
6.952999999999999545e+02 4.146610010836722093e-01
7.002999999999999545e+02 4.146562035338936525e-01
7.053999999999999773e+02 4.146515551058564397e-01
7.105000000000000000e+02 4.146455477624195751e-01
7.156000000000000227e+02 4.146389356499778356e-01
7.207999999999999545e+02 4.146281664614998586e-01
7.260000000000000000e+02 4.146137721944391785e-01
7.312000000000000455e+02 4.145942939544965955e-01
7.365000000000000000e+02 4.145698762788213587e-01
7.417999999999999545e+02 4.145385113024808166e-01
7.472000000000000455e+02 4.145006639256414438e-01
7.526000000000000227e+02 4.144563790047767760e-01
7.580000000000000000e+02 4.144058773871922008e-01
7.635000000000000000e+02 4.143492718088632731e-01
7.690000000000000000e+02 4.142872431489980634e-01
7.746000000000000227e+02 4.142196182445594399e-01
7.802000000000000455e+02 4.141492357946818248e-01
7.857999999999999545e+02 4.140762804893046711e-01
7.915000000000000000e+02 4.140005573291636876e-01
7.972000000000000455e+02 4.139246367618746314e-01
8.028999999999999773e+02 4.138503194551418352e-01
8.087000000000000455e+02 4.137766885460549826e-01
8.146000000000000227e+02 4.137054110633581749e-01
8.205000000000000000e+02 4.136384701548707632e-01
8.263999999999999773e+02 4.135766410709729723e-01
8.323999999999999773e+02 4.135193457926033545e-01
8.383999999999999773e+02 4.134680039224838954e-01
8.443999999999999773e+02 4.134239669641902593e-01
8.505000000000000000e+02 4.133853602416399098e-01
8.567000000000000455e+02 4.133527000131695939e-01
8.628999999999999773e+02 4.133262609819559619e-01
8.691000000000000227e+02 4.133055622615480207e-01
8.753999999999999773e+02 4.132896633997957259e-01
8.817000000000000455e+02 4.132781578973910852e-01
8.881000000000000227e+02 4.132697128711360079e-01
8.945000000000000000e+02 4.132637803933414400e-01
9.008999999999999773e+02 4.132592617300013815e-01
9.073999999999999773e+02 4.132553264720820740e-01
9.140000000000000000e+02 4.132505307330600619e-01
9.206000000000000227e+02 4.132451639402359156e-01
9.272000000000000455e+02 4.132380090279806351e-01
9.338999999999999773e+02 4.132297045866561991e-01
9.407000000000000455e+02 4.132181717881469596e-01
9.475000000000000000e+02 4.132050849815490090e-01
9.542999999999999545e+02 4.131902413190573498e-01
9.612000000000000455e+02 4.131734637329865234e-01
9.681000000000000227e+02 4.131555258476575232e-01
9.751000000000000227e+02 4.131376522138220375e-01
9.822000000000000455e+02 4.131199854299119067e-01
9.892999999999999545e+02 4.131033655236282520e-01
9.963999999999999773e+02 4.130887862803747090e-01
1.003600000000000023e+03 4.130771282489207330e-01
1.010899999999999977e+03 4.130681820225836631e-01
1.018200000000000045e+03 4.130632725319611787e-01
1.025500000000000000e+03 4.130626853674998489e-01
1.032900000000000091e+03 4.130665618264303118e-01
1.040400000000000091e+03 4.130745517792210331e-01
1.047900000000000091e+03 4.130863877451345645e-01
1.055400000000000091e+03 4.131017450408808744e-01
1.063099999999999909e+03 4.131197325090064654e-01
1.070700000000000045e+03 4.131390972323772948e-01
1.078500000000000000e+03 4.131599071929652478e-01
1.086299999999999955e+03 4.131801098389024651e-01
1.094099999999999909e+03 4.131987520577009576e-01
1.102000000000000000e+03 4.132142898663745956e-01
1.110000000000000000e+03 4.132260117468423699e-01
1.118000000000000000e+03 4.132335722532479161e-01
1.126099999999999909e+03 4.132349400263548578e-01
1.134200000000000045e+03 4.132291362282793368e-01
1.142400000000000091e+03 4.132181178158798041e-01
1.150599999999999909e+03 4.131997681033111047e-01
1.158900000000000091e+03 4.131747292470253630e-01
1.167299999999999955e+03 4.131445329899397501e-01
1.175700000000000045e+03 4.131083778233440862e-01
1.184200000000000045e+03 4.130672477608858806e-01
1.192799999999999955e+03 4.130232029019326179e-01
1.201400000000000091e+03 4.129762031978149728e-01
1.210099999999999909e+03 4.129278405998682566e-01
1.218799999999999955e+03 4.128790115109549075e-01
1.227599999999999909e+03 4.128306628824787716e-01
1.236500000000000000e+03 4.127836820611524571e-01
1.245400000000000091e+03 4.127385289606794738e-01
1.254400000000000091e+03 4.126956735627647643e-01
1.263500000000000000e+03 4.126544346007303132e-01
1.272599999999999909e+03 4.126175798053574040e-01
1.281799999999999955e+03 4.125820695034845276e-01
1.291000000000000000e+03 4.125490489944355077e-01
1.300400000000000091e+03 4.125160188446451159e-01
1.309700000000000045e+03 4.124851802409242874e-01
1.319200000000000045e+03 4.124543203033371186e-01
1.328700000000000045e+03 4.124225785917382536e-01
1.338299999999999955e+03 4.123886006925117087e-01
1.348000000000000000e+03 4.123530290429715528e-01
1.357700000000000045e+03 4.123159286964446224e-01
1.367500000000000000e+03 4.122758467010503303e-01
1.377400000000000091e+03 4.122345903985615290e-01
1.387400000000000091e+03 4.121892097307456315e-01
1.397400000000000091e+03 4.121423368279201194e-01
1.407500000000000000e+03 4.120948037933598873e-01
1.417599999999999909e+03 4.120494388602340963e-01
1.427900000000000091e+03 4.120034914062608022e-01
1.438200000000000045e+03 4.119596064563599835e-01
1.448599999999999909e+03 4.119173933831027368e-01
1.459000000000000000e+03 4.118817113848663447e-01
1.469599999999999909e+03 4.118490392670269284e-01
1.480200000000000045e+03 4.118231839645440373e-01
1.490900000000000091e+03 4.118031444645045558e-01
1.501599999999999909e+03 4.117885762381514048e-01
1.512500000000000000e+03 4.117804417606166778e-01
1.523400000000000091e+03 4.117784738101825659e-01
1.534400000000000091e+03 4.117812280453234108e-01
1.545500000000000000e+03 4.117893378614050914e-01
1.556599999999999909e+03 4.117998687966736848e-01
1.567900000000000091e+03 4.118139932928665536e-01
1.579200000000000045e+03 4.118290663819367814e-01
1.590599999999999909e+03 4.118447508869566009e-01
1.602099999999999909e+03 4.118601073855076566e-01
1.613700000000000045e+03 4.118733168455583904e-01
1.625299999999999955e+03 4.118851433784889715e-01
1.637099999999999909e+03 4.118946260466727627e-01
1.648900000000000091e+03 4.119016537995285332e-01
1.660799999999999955e+03 4.119064442526499392e-01
1.672799999999999955e+03 4.119076818211145907e-01
1.684900000000000091e+03 4.119064008638870789e-01
1.697000000000000000e+03 4.119038544232223598e-01
1.709299999999999955e+03 4.118988983197647280e-01
1.721599999999999909e+03 4.118912050892108434e-01
1.734099999999999909e+03 4.118818214237717212e-01
1.746599999999999909e+03 4.118703804975429317e-01
1.759200000000000045e+03 4.118553696654159157e-01
1.771900000000000091e+03 4.118378134871950036e-01
1.784700000000000045e+03 4.118160321186542516e-01
1.797599999999999909e+03 4.117890740867157229e-01
1.810599999999999909e+03 4.117570430388884928e-01
1.823599999999999909e+03 4.117186895984211170e-01
1.836799999999999955e+03 4.116740746195755585e-01
1.850099999999999909e+03 4.116216342399314221e-01
1.863400000000000091e+03 4.115614516298459757e-01
1.876900000000000091e+03 4.114933558685299197e-01
1.890400000000000091e+03 4.114184291772678415e-01
1.904099999999999909e+03 4.113365153163132670e-01
1.917799999999999955e+03 4.112496660158249662e-01
1.931700000000000045e+03 4.111576629579910547e-01
1.945599999999999909e+03 4.110644272053319281e-01
1.959700000000000045e+03 4.109696177716539722e-01
1.973799999999999955e+03 4.108758677695534267e-01
1.988099999999999909e+03 4.107851018048391256e-01
2.002500000000000000e+03 4.106986691423797908e-01
2.016900000000000091e+03 4.106193567599348282e-01
2.031500000000000000e+03 4.105473473761330760e-01
2.046200000000000045e+03 4.104835660312032841e-01
2.060900000000000091e+03 4.104303650161948980e-01
2.075800000000000182e+03 4.103859914133257125e-01
2.090800000000000182e+03 4.103519414953717970e-01
2.105900000000000091e+03 4.103262252430492363e-01
2.121099999999999909e+03 4.103098284921589123e-01
2.136400000000000091e+03 4.103019247235272782e-01
2.151900000000000091e+03 4.102993676286920133e-01
2.167400000000000091e+03 4.103041496176841330e-01
2.183000000000000000e+03 4.103127998617367989e-01
2.198800000000000182e+03 4.103265705354838810e-01
2.214699999999999818e+03 4.103419821997531525e-01
2.230699999999999818e+03 4.103603367682007730e-01
